# definition=Sperp(q)=N^-1 sum_ij exp[-iq.(ri-rj)] <Sxi Sxj + Syi Syj>
# ladder_definition=Sperp(q)=0.5*(S+-(q)+S-+(q)); Splus=Sx+iSy
# su2_relation=ensemble Sperp(q)=2*Szz(q) at any dtau for the current SU(2)-invariant model
# hs_caveat=individual spin-channel-HS samples select the z axis; equality is restored by ensemble averaging
# lattice=square Lx=4 Ly=4 n=16 pbc=1 t=-1 U=4 mu=2 dtau=0.050000000000000003
# sperp_q=all seed=16040929486537789177 parallel=serial nrep=1 bins=20 nbeta=1
# beta_requested beta T q_index mx my qx_over_pi qy_over_pi qx_folded_over_pi qy_folded_over_pi Sperp dSperp
8 8 0.125 0 0 0 0 0 0 0 0.052117793565839718 0.018616865092743382
8 8 0.125 1 1 0 0.5 0 0.5 0 0.20639174357133777 0.01550824838653268
8 8 0.125 2 2 0 1 0 1 0 0.31071623938177012 0.027192875499276879
8 8 0.125 3 3 0 1.5 0 -0.5 0 0.20639174357133774 0.015508248386532692
8 8 0.125 4 0 1 0 0.5 0 0.5 0.20999879016003006 0.01375746702028819
8 8 0.125 5 1 1 0.5 0.5 0.5 0.5 0.29984580779604991 0.022275042089761606
8 8 0.125 6 2 1 1 0.5 1 0.5 0.4222412874759387 0.011833624621307605
8 8 0.125 7 3 1 1.5 0.5 -0.5 0.5 0.31933450001565733 0.016701985874645883
8 8 0.125 8 0 2 0 1 0 1 0.32219995154140468 0.019934610855461762
8 8 0.125 9 1 2 0.5 1 0.5 1 0.38325860573395332 0.017089581937212734
8 8 0.125 10 2 2 1 1 1 1 1.772918327541452 0.064372143123057987
8 8 0.125 11 3 2 1.5 1 -0.5 1 0.38325860573395298 0.017089581937212685
8 8 0.125 12 0 3 0 1.5 0 -0.5 0.20999879016003004 0.01375746702028823
8 8 0.125 13 1 3 0.5 1.5 0.5 -0.5 0.31933450001565727 0.016701985874645872
8 8 0.125 14 2 3 1 1.5 1 -0.5 0.42224128747593836 0.011833624621307628
8 8 0.125 15 3 3 1.5 1.5 -0.5 -0.5 0.29984580779605025 0.022275042089761561
