# definition=Szz(q)=N^-1 sum_ij exp[-iq.(ri-rj)] <Szi Szj>
# spin_operator=Szi=(n_up-n_down)/2 factor3_applied=0
# lattice=square Lx=4 Ly=4 n=16 pbc=1 t=-1 U=4 mu=2 dtau=0.050000000000000003
# szz_q=all seed=16040929486537789177 parallel=serial nrep=1 bins=20 nbeta=1
# beta_requested beta T q_index mx my qx_over_pi qy_over_pi qx_folded_over_pi qy_folded_over_pi Szz dSzz
8 8 0.125 0 0 0 0 0 0 0 0.028215557396951106 0.0015404932394377756
8 8 0.125 1 1 0 0.5 0 0.5 0 0.10801292191323122 0.0012248973403343427
8 8 0.125 2 2 0 1 0 1 0 0.15814080702911443 0.0022080369145015331
8 8 0.125 3 3 0 1.5 0 -0.5 0 0.1080129219132312 0.0012248973403343416
8 8 0.125 4 0 1 0 0.5 0 0.5 0.10729566264700216 0.0011967659578386806
8 8 0.125 5 1 1 0.5 0.5 0.5 0.5 0.16111003113283726 0.002189464559973832
8 8 0.125 6 2 1 1 0.5 1 0.5 0.20404872280890046 0.0020321872210991177
8 8 0.125 7 3 1 1.5 0.5 -0.5 0.5 0.1589345111893995 0.0019928251547090339
8 8 0.125 8 0 2 0 1 0 1 0.15663745894572884 0.0024329662050576518
8 8 0.125 9 1 2 0.5 1 0.5 1 0.20191546009603489 0.0020744245865348741
8 8 0.125 10 2 2 1 1 1 1 0.84441844782159525 0.022283324271847756
8 8 0.125 11 3 2 1.5 1 -0.5 1 0.20191546009603462 0.0020744245865348711
8 8 0.125 12 0 3 0 1.5 0 -0.5 0.10729566264700212 0.0011967659578386715
8 8 0.125 13 1 3 0.5 1.5 0.5 -0.5 0.1589345111893995 0.0019928251547090339
8 8 0.125 14 2 3 1 1.5 1 -0.5 0.2040487228089003 0.0020321872210991247
8 8 0.125 15 3 3 1.5 1.5 -0.5 -0.5 0.16111003113283737 0.002189464559973832
