# definition=Sperp(q)=N^-1 sum_ij exp[-iq.(ri-rj)] <Sxi Sxj + Syi Syj>
# ladder_definition=Sperp(q)=0.5*(S+-(q)+S-+(q)); Splus=Sx+iSy
# su2_relation=ensemble Sperp(q)=2*Szz(q) at any dtau for the current SU(2)-invariant model
# hs_caveat=individual spin-channel-HS samples select the z axis; equality is restored by ensemble averaging
# lattice=square Lx=4 Ly=4 n=16 pbc=1 t=-1 U=4 mu=2 dtau=0.10000000000000001
# sperp_q=all seed=2962508328459779219 parallel=serial nrep=1 bins=20 nbeta=1
# beta_requested beta T q_index mx my qx_over_pi qy_over_pi qx_folded_over_pi qy_folded_over_pi Sperp dSperp
8 8 0.125 0 0 0 0 0 0 0 0.073012161575323531 0.039598423904560982
8 8 0.125 1 1 0 0.5 0 0.5 0 0.19471093876719714 0.018475488994958551
8 8 0.125 2 2 0 1 0 1 0 0.27772587384126879 0.029405335064351005
8 8 0.125 3 3 0 1.5 0 -0.5 0 0.19471093876719708 0.018475488994958589
8 8 0.125 4 0 1 0 0.5 0 0.5 0.20779619757744966 0.010019355847052743
8 8 0.125 5 1 1 0.5 0.5 0.5 0.5 0.29239929741061949 0.010228643480277697
8 8 0.125 6 2 1 1 0.5 1 0.5 0.41415416392689153 0.0081077250210435641
8 8 0.125 7 3 1 1.5 0.5 -0.5 0.5 0.34962522395989409 0.010611303968911415
8 8 0.125 8 0 2 0 1 0 1 0.31831591146823418 0.026116950765813187
8 8 0.125 9 1 2 0.5 1 0.5 1 0.41990760466309096 0.016786649564810702
8 8 0.125 10 2 2 1 1 1 1 1.7556326923289429 0.048783468557070164
8 8 0.125 11 3 2 1.5 1 -0.5 1 0.41990760466309079 0.016786649564810744
8 8 0.125 12 0 3 0 1.5 0 -0.5 0.2077961975774496 0.010019355847052745
8 8 0.125 13 1 3 0.5 1.5 0.5 -0.5 0.34962522395989409 0.010611303968911408
8 8 0.125 14 2 3 1 1.5 1 -0.5 0.41415416392689119 0.0081077250210436248
8 8 0.125 15 3 3 1.5 1.5 -0.5 -0.5 0.29239929741061976 0.010228643480277678
