# definition=Szz(q)=N^-1 sum_ij exp[-iq.(ri-rj)] <Szi Szj>
# spin_operator=Szi=(n_up-n_down)/2 factor3_applied=0
# lattice=square Lx=4 Ly=4 n=16 pbc=1 t=-1 U=4 mu=2 dtau=0.10000000000000001
# szz_q=all seed=2962508328459779219 parallel=serial nrep=1 bins=20 nbeta=1
# beta_requested beta T q_index mx my qx_over_pi qy_over_pi qx_folded_over_pi qy_folded_over_pi Szz dSzz
8 8 0.125 0 0 0 0 0 0 0 0.026840482455549031 0.0012781892650318935
8 8 0.125 1 1 0 0.5 0 0.5 0 0.10639916633303566 0.00077425064924222301
8 8 0.125 2 2 0 1 0 1 0 0.15669568446871168 0.0018787094275410591
8 8 0.125 3 3 0 1.5 0 -0.5 0 0.10639916633303563 0.00077425064924222257
8 8 0.125 4 0 1 0 0.5 0 0.5 0.10596977730263493 0.0010144206704067618
8 8 0.125 5 1 1 0.5 0.5 0.5 0.5 0.15823056541693092 0.0015720825738746904
8 8 0.125 6 2 1 1 0.5 1 0.5 0.20188158263517447 0.0017549569915944936
8 8 0.125 7 3 1 1.5 0.5 -0.5 0.5 0.15859643212823138 0.0016568269541867098
8 8 0.125 8 0 2 0 1 0 1 0.15750683212744304 0.0023321960000111668
8 8 0.125 9 1 2 0.5 1 0.5 1 0.20347055748691961 0.0014070110583718515
8 8 0.125 10 2 2 1 1 1 1 0.88079758425447019 0.01528385302802006
8 8 0.125 11 3 2 1.5 1 -0.5 1 0.20347055748691939 0.0014070110583718428
8 8 0.125 12 0 3 0 1.5 0 -0.5 0.10596977730263493 0.0010144206704067618
8 8 0.125 13 1 3 0.5 1.5 0.5 -0.5 0.15859643212823135 0.0016568269541867152
8 8 0.125 14 2 3 1 1.5 1 -0.5 0.20188158263517422 0.0017549569915944871
8 8 0.125 15 3 3 1.5 1.5 -0.5 -0.5 0.15823056541693109 0.0015720825738746945
