# definition=Sperp(q)=N^-1 sum_ij exp[-iq.(ri-rj)] <Sxi Sxj + Syi Syj>
# ladder_definition=Sperp(q)=0.5*(S+-(q)+S-+(q)); Splus=Sx+iSy
# su2_relation=ensemble Sperp(q)=2*Szz(q) at any dtau for the current SU(2)-invariant model
# hs_caveat=individual spin-channel-HS samples select the z axis; equality is restored by ensemble averaging
# lattice=square Lx=4 Ly=4 n=16 pbc=1 t=-1 U=4 mu=2 dtau=0.050000000000000003
# sperp_q=all seed=3983156361833077362 parallel=serial nrep=1 bins=20 nbeta=1
# beta_requested beta T q_index mx my qx_over_pi qy_over_pi qx_folded_over_pi qy_folded_over_pi Sperp dSperp
16 16 0.0625 0 0 0 0 0 0 0 0.015607447509144079 0.013142770687823381
16 16 0.0625 1 1 0 0.5 0 0.5 0 0.21544781946872718 0.0054355043190062726
16 16 0.0625 2 2 0 1 0 1 0 0.33516534341368776 0.013969203671375942
16 16 0.0625 3 3 0 1.5 0 -0.5 0 0.21544781946872713 0.0054355043190062596
16 16 0.0625 4 0 1 0 0.5 0 0.5 0.21802348640621969 0.010866679197173693
16 16 0.0625 5 1 1 0.5 0.5 0.5 0.5 0.3263071543578816 0.0060793151406122042
16 16 0.0625 6 2 1 1 0.5 1 0.5 0.40458034300650619 0.010613213264946943
16 16 0.0625 7 3 1 1.5 0.5 -0.5 0.5 0.31432251337470796 0.0090120071088286811
16 16 0.0625 8 0 2 0 1 0 1 0.32306555563389561 0.014504898976884248
16 16 0.0625 9 1 2 0.5 1 0.5 1 0.40848401200862955 0.008024814110229303
16 16 0.0625 10 2 2 1 1 1 1 1.712547240853499 0.028831264870327184
16 16 0.0625 11 3 2 1.5 1 -0.5 1 0.40848401200862938 0.0080248141102293169
16 16 0.0625 12 0 3 0 1.5 0 -0.5 0.21802348640621969 0.010866679197173693
16 16 0.0625 13 1 3 0.5 1.5 0.5 -0.5 0.31432251337470796 0.0090120071088286569
16 16 0.0625 14 2 3 1 1.5 1 -0.5 0.40458034300650575 0.010613213264946962
16 16 0.0625 15 3 3 1.5 1.5 -0.5 -0.5 0.32630715435788182 0.0060793151406122181
