# definition=Szz(q)=N^-1 sum_ij exp[-iq.(ri-rj)] <Szi Szj>
# spin_operator=Szi=(n_up-n_down)/2 factor3_applied=0
# lattice=square Lx=4 Ly=4 n=16 pbc=1 t=-1 U=4 mu=2 dtau=0.050000000000000003
# szz_q=all seed=3983156361833077362 parallel=serial nrep=1 bins=20 nbeta=1
# beta_requested beta T q_index mx my qx_over_pi qy_over_pi qx_folded_over_pi qy_folded_over_pi Szz dSzz
16 16 0.0625 0 0 0 0 0 0 0 0.0066538639192197284 0.0017896894562998717
16 16 0.0625 1 1 0 0.5 0 0.5 0 0.10587524768331383 0.0010275304334983713
16 16 0.0625 2 2 0 1 0 1 0 0.15463287528940023 0.0032101456484906568
16 16 0.0625 3 3 0 1.5 0 -0.5 0 0.10587524768331377 0.0010275304334983687
16 16 0.0625 4 0 1 0 0.5 0 0.5 0.10498933684904169 0.0011818324214551772
16 16 0.0625 5 1 1 0.5 0.5 0.5 0.5 0.15259097726541776 0.0023431020871955933
16 16 0.0625 6 2 1 1 0.5 1 0.5 0.19997493479338366 0.0023458199745836732
16 16 0.0625 7 3 1 1.5 0.5 -0.5 0.5 0.15245227691145716 0.0021379933660816267
16 16 0.0625 8 0 2 0 1 0 1 0.15041214897930136 0.002407497458339178
16 16 0.0625 9 1 2 0.5 1 0.5 1 0.19838348637008035 0.0021223233828289645
16 16 0.0625 10 2 2 1 1 1 1 0.94012671439447604 0.024756029356795634
16 16 0.0625 11 3 2 1.5 1 -0.5 1 0.1983834863700803 0.0021223233828289402
16 16 0.0625 12 0 3 0 1.5 0 -0.5 0.10498933684904166 0.0011818324214551727
16 16 0.0625 13 1 3 0.5 1.5 0.5 -0.5 0.15245227691145719 0.0021379933660816207
16 16 0.0625 14 2 3 1 1.5 1 -0.5 0.19997493479338346 0.0023458199745836684
16 16 0.0625 15 3 3 1.5 1.5 -0.5 -0.5 0.15259097726541784 0.0023431020871955564
