# definition=Szz(q)=N^-1 sum_ij exp[-iq.(ri-rj)] <Szi Szj>
# spin_operator=Szi=(n_up-n_down)/2 factor3_applied=0
# lattice=square Lx=4 Ly=4 n=16 pbc=1 t=-1 U=4 mu=2 dtau=0.025000000000000001
# szz_q=all seed=15887250648255888354 parallel=serial nrep=1 bins=20 nbeta=1
# beta_requested beta T q_index mx my qx_over_pi qy_over_pi qx_folded_over_pi qy_folded_over_pi Szz dSzz
4 4 0.25 0 0 0 0 0 0 0 0.064068886762610619 0.0011518364592133603
4 4 0.25 1 1 0 0.5 0 0.5 0 0.11235868361014981 0.00060814794205251636
4 4 0.25 2 2 0 1 0 1 0 0.1687821362070884 0.00092335050806393129
4 4 0.25 3 3 0 1.5 0 -0.5 0 0.11235868361014981 0.00060814794205251636
4 4 0.25 4 0 1 0 0.5 0 0.5 0.11211468620103771 0.0005742024939514313
4 4 0.25 5 1 1 0.5 0.5 0.5 0.5 0.16868760817404135 0.0010616184273992994
4 4 0.25 6 2 1 1 0.5 1 0.5 0.20933963724622742 0.0010487954913250886
4 4 0.25 7 3 1 1.5 0.5 -0.5 0.5 0.1690435317399594 0.00081107982313533933
4 4 0.25 8 0 2 0 1 0 1 0.16970141045559944 0.0014320937568277927
4 4 0.25 9 1 2 0.5 1 0.5 1 0.20871302352164006 0.00086041558820883549
4 4 0.25 10 2 2 1 1 1 1 0.62952812528374025 0.0081417963581139965
4 4 0.25 11 3 2 1.5 1 -0.5 1 0.20871302352163998 0.00086041558820884492
4 4 0.25 12 0 3 0 1.5 0 -0.5 0.11211468620103768 0.00057420249395143661
4 4 0.25 13 1 3 0.5 1.5 0.5 -0.5 0.1690435317399594 0.00081107982313534507
4 4 0.25 14 2 3 1 1.5 1 -0.5 0.20933963724622734 0.0010487954913250858
4 4 0.25 15 3 3 1.5 1.5 -0.5 -0.5 0.16868760817404138 0.0010616184273993152
