# definition=Sperp(q)=N^-1 sum_ij exp[-iq.(ri-rj)] <Sxi Sxj + Syi Syj>
# ladder_definition=Sperp(q)=0.5*(S+-(q)+S-+(q)); Splus=Sx+iSy
# su2_relation=ensemble Sperp(q)=2*Szz(q) at any dtau for the current SU(2)-invariant model
# hs_caveat=individual spin-channel-HS samples select the z axis; equality is restored by ensemble averaging
# lattice=square Lx=4 Ly=4 n=16 bc_x=antiperiodic bc_y=periodic t=-1 U=4 mu=2 dtau=0.050000000000000003
# sperp_q=all seed=3983156361833077362 parallel=serial nrep=1 bins=20 nbeta=1
# beta_requested beta T q_index mx my qx_over_pi qy_over_pi qx_folded_over_pi qy_folded_over_pi Sperp dSperp
16 16 0.0625 0 0 0 0 0 0 0 -0.011477303253465885 0.0048770499899732471
16 16 0.0625 1 1 0 0.5 0 0.5 0 0.1545888642998226 0.0036816254358789141
16 16 0.0625 2 2 0 1 0 1 0 0.34395753414959629 0.0034149732531060573
16 16 0.0625 3 3 0 1.5 0 -0.5 0 0.15458886429982255 0.0036816254358789401
16 16 0.0625 4 0 1 0 0.5 0 0.5 0.30797817131819788 0.0032116026559914079
16 16 0.0625 5 1 1 0.5 0.5 0.5 0.5 0.31433448109062812 0.0020548977462463577
16 16 0.0625 6 2 1 1 0.5 1 0.5 0.31013563608352168 0.0034410718042911705
16 16 0.0625 7 3 1 1.5 0.5 -0.5 0.5 0.30841845962959569 0.0028884795806696276
16 16 0.0625 8 0 2 0 1 0 1 0.27960566486415145 0.0033661988396042884
16 16 0.0625 9 1 2 0.5 1 0.5 1 0.51912563732321026 0.0038394100770145481
16 16 0.0625 10 2 2 1 1 1 1 1.2678824396108492 0.0091335522794131468
16 16 0.0625 11 3 2 1.5 1 -0.5 1 0.51912563732321015 0.00383941007701463
16 16 0.0625 12 0 3 0 1.5 0 -0.5 0.30797817131819788 0.0032116026559914131
16 16 0.0625 13 1 3 0.5 1.5 0.5 -0.5 0.30841845962959547 0.0028884795806695908
16 16 0.0625 14 2 3 1 1.5 1 -0.5 0.31013563608352152 0.0034410718042911697
16 16 0.0625 15 3 3 1.5 1.5 -0.5 -0.5 0.31433448109062823 0.0020548977462463563
