# definition=Szz(q)=N^-1 sum_ij exp[-iq.(ri-rj)] <Szi Szj>
# spin_operator=Szi=(n_up-n_down)/2 factor3_applied=0
# lattice=square Lx=4 Ly=4 n=16 bc_x=antiperiodic bc_y=periodic t=-1 U=4 mu=2 dtau=0.050000000000000003
# szz_q=all seed=3983156361833077362 parallel=serial nrep=1 bins=20 nbeta=1
# beta_requested beta T q_index mx my qx_over_pi qy_over_pi qx_folded_over_pi qy_folded_over_pi Szz dSzz
16 16 0.0625 0 0 0 0 0 0 0 1.0493284361021476e-06 8.3919484476026541e-07
16 16 0.0625 1 1 0 0.5 0 0.5 0 0.077154509574477503 0.00037150027792132205
16 16 0.0625 2 2 0 1 0 1 0 0.17252952461088372 0.0010587823679171259
16 16 0.0625 3 3 0 1.5 0 -0.5 0 0.077154509574477462 0.00037150027792131902
16 16 0.0625 4 0 1 0 0.5 0 0.5 0.15209674491033881 0.0006900114171214443
16 16 0.0625 5 1 1 0.5 0.5 0.5 0.5 0.15204664172113974 0.00069008206910052907
16 16 0.0625 6 2 1 1 0.5 1 0.5 0.15730587873807972 0.00049194992895363189
16 16 0.0625 7 3 1 1.5 0.5 -0.5 0.5 0.15401500189948597 0.00054202697200018914
16 16 0.0625 8 0 2 0 1 0 1 0.13863577575866448 0.00063895208229814023
16 16 0.0625 9 1 2 0.5 1 0.5 1 0.25915300336796654 0.0012073026380265224
16 16 0.0625 10 2 2 1 1 1 1 0.63985550730958107 0.0049145920024276776
16 16 0.0625 11 3 2 1.5 1 -0.5 1 0.25915300336796643 0.0012073026380265586
16 16 0.0625 12 0 3 0 1.5 0 -0.5 0.15209674491033875 0.00069001141712147791
16 16 0.0625 13 1 3 0.5 1.5 0.5 -0.5 0.15401500189948591 0.0005420269720001822
16 16 0.0625 14 2 3 1 1.5 1 -0.5 0.15730587873807964 0.00049194992895362918
16 16 0.0625 15 3 3 1.5 1.5 -0.5 -0.5 0.15204664172113974 0.00069008206910054349
