# definition=Sperp(q)=N^-1 sum_ij exp[-iq.(ri-rj)] <Sxi Sxj + Syi Syj>
# ladder_definition=Sperp(q)=0.5*(S+-(q)+S-+(q)); Splus=Sx+iSy
# su2_relation=ensemble Sperp(q)=2*Szz(q) at any dtau for the current SU(2)-invariant model
# hs_caveat=individual spin-channel-HS samples select the z axis; equality is restored by ensemble averaging
# lattice=square Lx=4 Ly=4 n=16 bc_x=antiperiodic bc_y=periodic t=-1 U=4 mu=2 dtau=0.10000000000000001
# sperp_q=all seed=2962508328459779219 parallel=serial nrep=1 bins=20 nbeta=1
# beta_requested beta T q_index mx my qx_over_pi qy_over_pi qx_folded_over_pi qy_folded_over_pi Sperp dSperp
8 8 0.125 0 0 0 0 0 0 0 0.0067781559305195556 0.0039888128992560078
8 8 0.125 1 1 0 0.5 0 0.5 0 0.14995294050538624 0.0057578927362160618
8 8 0.125 2 2 0 1 0 1 0 0.3416000148644972 0.0066051941020062151
8 8 0.125 3 3 0 1.5 0 -0.5 0 0.14995294050538618 0.0057578927362160635
8 8 0.125 4 0 1 0 0.5 0 0.5 0.30499642573494901 0.0035638278083357034
8 8 0.125 5 1 1 0.5 0.5 0.5 0.5 0.30991310922927673 0.0036696839089429096
8 8 0.125 6 2 1 1 0.5 1 0.5 0.32673555181864455 0.0036027062828244785
8 8 0.125 7 3 1 1.5 0.5 -0.5 0.5 0.30569605273842354 0.0053947154253286521
8 8 0.125 8 0 2 0 1 0 1 0.27282680112510205 0.0036068188614470937
8 8 0.125 9 1 2 0.5 1 0.5 1 0.52379235891420051 0.0039513618489280186
8 8 0.125 10 2 2 1 1 1 1 1.2918469010579108 0.014042957126288525
8 8 0.125 11 3 2 1.5 1 -0.5 1 0.52379235891420028 0.003951361848927977
8 8 0.125 12 0 3 0 1.5 0 -0.5 0.30499642573494895 0.0035638278083357147
8 8 0.125 13 1 3 0.5 1.5 0.5 -0.5 0.30569605273842337 0.0053947154253285558
8 8 0.125 14 2 3 1 1.5 1 -0.5 0.32673555181864444 0.0036027062828244551
8 8 0.125 15 3 3 1.5 1.5 -0.5 -0.5 0.30991310922927695 0.0036696839089429066
