# definition=Szz(q)=N^-1 sum_ij exp[-iq.(ri-rj)] <Szi Szj>
# spin_operator=Szi=(n_up-n_down)/2 factor3_applied=0
# lattice=square Lx=4 Ly=4 n=16 bc_x=antiperiodic bc_y=periodic t=-1 U=4 mu=2 dtau=0.10000000000000001
# szz_q=all seed=2962508328459779219 parallel=serial nrep=1 bins=20 nbeta=1
# beta_requested beta T q_index mx my qx_over_pi qy_over_pi qx_folded_over_pi qy_folded_over_pi Szz dSzz
8 8 0.125 0 0 0 0 0 0 0 0.0018229930644190636 0.00013447056345218937
8 8 0.125 1 1 0 0.5 0 0.5 0 0.078046027703068621 0.0005689524665422024
8 8 0.125 2 2 0 1 0 1 0 0.17319288271398692 0.0011065814077959625
8 8 0.125 3 3 0 1.5 0 -0.5 0 0.078046027703068607 0.00056895246654220814
8 8 0.125 4 0 1 0 0.5 0 0.5 0.15091092925690253 0.00080798712579843897
8 8 0.125 5 1 1 0.5 0.5 0.5 0.5 0.15471596766987034 0.00097492594123829701
8 8 0.125 6 2 1 1 0.5 1 0.5 0.16039568798726322 0.00076591473080617461
8 8 0.125 7 3 1 1.5 0.5 -0.5 0.5 0.15427611806456831 0.00052258916633373851
8 8 0.125 8 0 2 0 1 0 1 0.13840810018645111 0.00068447655476640658
8 8 0.125 9 1 2 0.5 1 0.5 1 0.25918295208769282 0.0017279863608887756
8 8 0.125 10 2 2 1 1 1 1 0.64913303392630595 0.0067092848800932988
8 8 0.125 11 3 2 1.5 1 -0.5 1 0.25918295208769276 0.0017279863608888472
8 8 0.125 12 0 3 0 1.5 0 -0.5 0.15091092925690253 0.00080798712579843897
8 8 0.125 13 1 3 0.5 1.5 0.5 -0.5 0.15427611806456823 0.00052258916633375542
8 8 0.125 14 2 3 1 1.5 1 -0.5 0.16039568798726311 0.00076591473080619336
8 8 0.125 15 3 3 1.5 1.5 -0.5 -0.5 0.15471596766987045 0.0009749259412383303
