# definition=Sperp(q)=N^-1 sum_ij exp[-iq.(ri-rj)] <Sxi Sxj + Syi Syj>
# ladder_definition=Sperp(q)=0.5*(S+-(q)+S-+(q)); Splus=Sx+iSy
# su2_relation=ensemble Sperp(q)=2*Szz(q) at any dtau for the current SU(2)-invariant model
# hs_caveat=individual spin-channel-HS samples select the z axis; equality is restored by ensemble averaging
# lattice=square Lx=4 Ly=4 n=16 pbc=1 t=-1 U=4 mu=2 dtau=0.025000000000000001
# sperp_q=all seed=15628009234340624715 parallel=serial nrep=1 bins=20 nbeta=1
# beta_requested beta T q_index mx my qx_over_pi qy_over_pi qx_folded_over_pi qy_folded_over_pi Sperp dSperp
16 16 0.0625 0 0 0 0 0 0 0 0.050016749645519124 0.030343223799909492
16 16 0.0625 1 1 0 0.5 0 0.5 0 0.23333853394068105 0.025853424017889454
16 16 0.0625 2 2 0 1 0 1 0 0.28070887592117855 0.023395087057418103
16 16 0.0625 3 3 0 1.5 0 -0.5 0 0.23333853394068099 0.025853424017889443
16 16 0.0625 4 0 1 0 0.5 0 0.5 0.21574101914636928 0.013770876804562814
16 16 0.0625 5 1 1 0.5 0.5 0.5 0.5 0.28769361620828426 0.019673145953158624
16 16 0.0625 6 2 1 1 0.5 1 0.5 0.40620614781875863 0.013026307253490344
16 16 0.0625 7 3 1 1.5 0.5 -0.5 0.5 0.32798681518493872 0.024720067991138992
16 16 0.0625 8 0 2 0 1 0 1 0.31265793775552386 0.036809320461732423
16 16 0.0625 9 1 2 0.5 1 0.5 1 0.37246980596548462 0.036424069354140665
16 16 0.0625 10 2 2 1 1 1 1 1.8157985980263618 0.075342615303642488
16 16 0.0625 11 3 2 1.5 1 -0.5 1 0.37246980596548435 0.036424069354140651
16 16 0.0625 12 0 3 0 1.5 0 -0.5 0.21574101914636926 0.013770876804562812
16 16 0.0625 13 1 3 0.5 1.5 0.5 -0.5 0.32798681518493877 0.024720067991138954
16 16 0.0625 14 2 3 1 1.5 1 -0.5 0.40620614781875819 0.013026307253490337
16 16 0.0625 15 3 3 1.5 1.5 -0.5 -0.5 0.28769361620828454 0.019673145953158638
