# definition=Szz(q)=N^-1 sum_ij exp[-iq.(ri-rj)] <Szi Szj>
# spin_operator=Szi=(n_up-n_down)/2 factor3_applied=0
# lattice=square Lx=4 Ly=4 n=16 pbc=1 t=-1 U=4 mu=2 dtau=0.025000000000000001
# szz_q=all seed=15628009234340624715 parallel=serial nrep=1 bins=20 nbeta=1
# beta_requested beta T q_index mx my qx_over_pi qy_over_pi qx_folded_over_pi qy_folded_over_pi Szz dSzz
16 16 0.0625 0 0 0 0 0 0 0 0.010769897001357659 0.0026908456101537911
16 16 0.0625 1 1 0 0.5 0 0.5 0 0.10759516994710779 0.00124685374906054
16 16 0.0625 2 2 0 1 0 1 0 0.16148383931138729 0.0025692690513125201
16 16 0.0625 3 3 0 1.5 0 -0.5 0 0.10759516994710776 0.001246853749060546
16 16 0.0625 4 0 1 0 0.5 0 0.5 0.10601432255621149 0.0014294154646515692
16 16 0.0625 5 1 1 0.5 0.5 0.5 0.5 0.1558328560077139 0.0020168334509303599
16 16 0.0625 6 2 1 1 0.5 1 0.5 0.20332190613567508 0.0021416298688775475
16 16 0.0625 7 3 1 1.5 0.5 -0.5 0.5 0.15776984632078758 0.0021013586535615796
16 16 0.0625 8 0 2 0 1 0 1 0.15367439860570356 0.0021834443158426794
16 16 0.0625 9 1 2 0.5 1 0.5 1 0.20113141061065956 0.0019701533513003249
16 16 0.0625 10 2 2 1 1 1 1 0.88376786086404968 0.024978418814553406
16 16 0.0625 11 3 2 1.5 1 -0.5 1 0.20113141061065942 0.0019701533513003392
16 16 0.0625 12 0 3 0 1.5 0 -0.5 0.10601432255621143 0.0014294154646515632
16 16 0.0625 13 1 3 0.5 1.5 0.5 -0.5 0.15776984632078755 0.0021013586535616217
16 16 0.0625 14 2 3 1 1.5 1 -0.5 0.20332190613567486 0.0021416298688775601
16 16 0.0625 15 3 3 1.5 1.5 -0.5 -0.5 0.15583285600771407 0.0020168334509303404
