# definition=Sperp(q)=N^-1 sum_ij exp[-iq.(ri-rj)] <Sxi Sxj + Syi Syj>
# ladder_definition=Sperp(q)=0.5*(S+-(q)+S-+(q)); Splus=Sx+iSy
# su2_relation=ensemble Sperp(q)=2*Szz(q) at any dtau for the current SU(2)-invariant model
# hs_caveat=individual spin-channel-HS samples select the z axis; equality is restored by ensemble averaging
# lattice=square Lx=4 Ly=4 n=16 bc_x=antiperiodic bc_y=periodic t=-1 U=4 mu=2 dtau=0.025000000000000001
# sperp_q=all seed=15887250648255888354 parallel=serial nrep=1 bins=20 nbeta=1
# beta_requested beta T q_index mx my qx_over_pi qy_over_pi qx_folded_over_pi qy_folded_over_pi Sperp dSperp
4 4 0.25 0 0 0 0 0 0 0 0.035914242438459532 0.0052576545974318952
4 4 0.25 1 1 0 0.5 0 0.5 0 0.18776979274509334 0.003399335762146528
4 4 0.25 2 2 0 1 0 1 0 0.36329062664401757 0.0044410282521753636
4 4 0.25 3 3 0 1.5 0 -0.5 0 0.18776979274509331 0.0033993357621465311
4 4 0.25 4 0 1 0 0.5 0 0.5 0.28033885980236006 0.002436714618712615
4 4 0.25 5 1 1 0.5 0.5 0.5 0.5 0.31772758656225319 0.0028514365619425478
4 4 0.25 6 2 1 1 0.5 1 0.5 0.35739238332653678 0.0037522621463221889
4 4 0.25 7 3 1 1.5 0.5 -0.5 0.5 0.31444187519967715 0.0039602046759851023
4 4 0.25 8 0 2 0 1 0 1 0.26097000664191083 0.0024263222161113977
4 4 0.25 9 1 2 0.5 1 0.5 1 0.48620351304796799 0.0033921734333579147
4 4 0.25 10 2 2 1 1 1 1 1.1675675520013458 0.0088060505025060742
4 4 0.25 11 3 2 1.5 1 -0.5 1 0.48620351304796794 0.0033921734333579585
4 4 0.25 12 0 3 0 1.5 0 -0.5 0.28033885980236006 0.002436714618712615
4 4 0.25 13 1 3 0.5 1.5 0.5 -0.5 0.31444187519967703 0.0039602046759850927
4 4 0.25 14 2 3 1 1.5 1 -0.5 0.35739238332653661 0.0037522621463221941
4 4 0.25 15 3 3 1.5 1.5 -0.5 -0.5 0.31772758656225325 0.0028514365619425417
