# definition=Szz(q)=N^-1 sum_ij exp[-iq.(ri-rj)] <Szi Szj>
# spin_operator=Szi=(n_up-n_down)/2 factor3_applied=0
# lattice=square Lx=4 Ly=4 n=16 bc_x=antiperiodic bc_y=periodic t=-1 U=4 mu=2 dtau=0.025000000000000001
# szz_q=all seed=15887250648255888354 parallel=serial nrep=1 bins=20 nbeta=1
# beta_requested beta T q_index mx my qx_over_pi qy_over_pi qx_folded_over_pi qy_folded_over_pi Szz dSzz
4 4 0.25 0 0 0 0 0 0 0 0.020070679811130414 0.00044490606394770072
4 4 0.25 1 1 0 0.5 0 0.5 0 0.092684083535072737 0.00042469083294132082
4 4 0.25 2 2 0 1 0 1 0 0.18349230897329774 0.00092002699733098646
4 4 0.25 3 3 0 1.5 0 -0.5 0 0.092684083535072709 0.00042469083294132532
4 4 0.25 4 0 1 0 0.5 0 0.5 0.13886210234927676 0.00061851158719863377
4 4 0.25 5 1 1 0.5 0.5 0.5 0.5 0.15921420287433746 0.00067526364874068178
4 4 0.25 6 2 1 1 0.5 1 0.5 0.17929667158211676 0.00081605307476396527
4 4 0.25 7 3 1 1.5 0.5 -0.5 0.5 0.15844294973148215 0.00051432907007899556
4 4 0.25 8 0 2 0 1 0 1 0.13108711434775544 0.00077933753363135607
4 4 0.25 9 1 2 0.5 1 0.5 1 0.24309714174609551 0.00091711684296206521
4 4 0.25 10 2 2 1 1 1 1 0.579900817777809 0.0042960623393493314
4 4 0.25 11 3 2 1.5 1 -0.5 1 0.24309714174609548 0.00091711684296204646
4 4 0.25 12 0 3 0 1.5 0 -0.5 0.13886210234927673 0.00061851158719863875
4 4 0.25 13 1 3 0.5 1.5 0.5 -0.5 0.15844294973148207 0.00051432907007900716
4 4 0.25 14 2 3 1 1.5 1 -0.5 0.17929667158211662 0.00081605307476397156
4 4 0.25 15 3 3 1.5 1.5 -0.5 -0.5 0.15921420287433749 0.00067526364874069599
