# definition=Szz(q)=N^-1 sum_ij exp[-iq.(ri-rj)] <Szi Szj>
# spin_operator=Szi=(n_up-n_down)/2 factor3_applied=0
# lattice=square Lx=4 Ly=4 n=16 pbc=1 t=-1 U=4 mu=2 dtau=0.050000000000000003
# szz_q=all seed=16558510989283459241 parallel=serial nrep=1 bins=20 nbeta=1
# beta_requested beta T q_index mx my qx_over_pi qy_over_pi qx_folded_over_pi qy_folded_over_pi Szz dSzz
4 4 0.25 0 0 0 0 0 0 0 0.059916308725620801 0.00097183779682934028
4 4 0.25 1 1 0 0.5 0 0.5 0 0.11163310920951879 0.00061193886737468414
4 4 0.25 2 2 0 1 0 1 0 0.165530174935413 0.0010537697552540312
4 4 0.25 3 3 0 1.5 0 -0.5 0 0.11163310920951877 0.00061193886737469195
4 4 0.25 4 0 1 0 0.5 0 0.5 0.11119193127936414 0.00049806635964239857
4 4 0.25 5 1 1 0.5 0.5 0.5 0.5 0.16799397839334856 0.00107554353371957
4 4 0.25 6 2 1 1 0.5 1 0.5 0.20908719828085301 0.0011768907751148442
4 4 0.25 7 3 1 1.5 0.5 -0.5 0.5 0.16839174964109299 0.0010814739811946924
4 4 0.25 8 0 2 0 1 0 1 0.16809978336214593 0.0014477725351961981
4 4 0.25 9 1 2 0.5 1 0.5 1 0.2075914534417255 0.00097802941504722169
4 4 0.25 10 2 2 1 1 1 1 0.65243667454176923 0.0092393300622717785
4 4 0.25 11 3 2 1.5 1 -0.5 1 0.20759145344172544 0.00097802941504723686
4 4 0.25 12 0 3 0 1.5 0 -0.5 0.11119193127936414 0.00049806635964239987
4 4 0.25 13 1 3 0.5 1.5 0.5 -0.5 0.16839174964109299 0.0010814739811946916
4 4 0.25 14 2 3 1 1.5 1 -0.5 0.20908719828085293 0.001176890775114852
4 4 0.25 15 3 3 1.5 1.5 -0.5 -0.5 0.16799397839334862 0.0010755435337195737
