# definition=Sperp(q)=N^-1 sum_ij exp[-iq.(ri-rj)] <Sxi Sxj + Syi Syj>
# ladder_definition=Sperp(q)=0.5*(S+-(q)+S-+(q)); Splus=Sx+iSy
# su2_relation=ensemble Sperp(q)=2*Szz(q) at any dtau for the current SU(2)-invariant model
# hs_caveat=individual spin-channel-HS samples select the z axis; equality is restored by ensemble averaging
# lattice=square Lx=4 Ly=4 n=16 bc_x=antiperiodic bc_y=periodic t=-1 U=4 mu=2 dtau=0.10000000000000001
# sperp_q=all seed=14801403179829933817 parallel=serial nrep=1 bins=20 nbeta=1
# beta_requested beta T q_index mx my qx_over_pi qy_over_pi qx_folded_over_pi qy_folded_over_pi Sperp dSperp
4 4 0.25 0 0 0 0 0 0 0 0.037288190188395909 0.0048663982457406016
4 4 0.25 1 1 0 0.5 0 0.5 0 0.18613259952517899 0.0028683875132920595
4 4 0.25 2 2 0 1 0 1 0 0.37588614601958664 0.0056997880915273082
4 4 0.25 3 3 0 1.5 0 -0.5 0 0.18613259952517897 0.0028683875132920651
4 4 0.25 4 0 1 0 0.5 0 0.5 0.27849045326946831 0.0029432597204796713
4 4 0.25 5 1 1 0.5 0.5 0.5 0.5 0.31536395645858595 0.0027357752597969871
4 4 0.25 6 2 1 1 0.5 1 0.5 0.36181521746024792 0.0049869849954950187
4 4 0.25 7 3 1 1.5 0.5 -0.5 0.5 0.32155801724127775 0.0029664965562933737
4 4 0.25 8 0 2 0 1 0 1 0.26485326176748614 0.0045955808979816978
4 4 0.25 9 1 2 0.5 1 0.5 1 0.48741590763682774 0.003818663921809338
4 4 0.25 10 2 2 1 1 1 1 1.1829171069517561 0.012331940399012684
4 4 0.25 11 3 2 1.5 1 -0.5 1 0.48741590763682774 0.003818663921809367
4 4 0.25 12 0 3 0 1.5 0 -0.5 0.27849045326946831 0.0029432597204796752
4 4 0.25 13 1 3 0.5 1.5 0.5 -0.5 0.32155801724127764 0.002966496556293368
4 4 0.25 14 2 3 1 1.5 1 -0.5 0.3618152174602477 0.0049869849954949771
4 4 0.25 15 3 3 1.5 1.5 -0.5 -0.5 0.31536395645858606 0.002735775259796925
