# definition=Szz(q)=N^-1 sum_ij exp[-iq.(ri-rj)] <Szi Szj>
# spin_operator=Szi=(n_up-n_down)/2 factor3_applied=0
# lattice=square Lx=4 Ly=4 n=16 bc_x=antiperiodic bc_y=periodic t=-1 U=4 mu=2 dtau=0.10000000000000001
# szz_q=all seed=14801403179829933817 parallel=serial nrep=1 bins=20 nbeta=1
# beta_requested beta T q_index mx my qx_over_pi qy_over_pi qx_folded_over_pi qy_folded_over_pi Szz dSzz
4 4 0.25 0 0 0 0 0 0 0 0.019719048882371949 0.00022901050688313202
4 4 0.25 1 1 0 0.5 0 0.5 0 0.092819624691621277 0.00051356738619707056
4 4 0.25 2 2 0 1 0 1 0 0.184315555434373 0.00089118822542620494
4 4 0.25 3 3 0 1.5 0 -0.5 0 0.092819624691621236 0.00051356738619706341
4 4 0.25 4 0 1 0 0.5 0 0.5 0.13962041385815138 0.00076602045546879231
4 4 0.25 5 1 1 0.5 0.5 0.5 0.5 0.15817481416351536 0.00067678722855020598
4 4 0.25 6 2 1 1 0.5 1 0.5 0.18081584125649425 0.00086186635874916187
4 4 0.25 7 3 1 1.5 0.5 -0.5 0.5 0.1579867520674009 0.00072855664389783012
4 4 0.25 8 0 2 0 1 0 1 0.13021868939713135 0.00078696277614629317
4 4 0.25 9 1 2 0.5 1 0.5 1 0.24344493306720288 0.0010421082164033743
4 4 0.25 10 2 2 1 1 1 1 0.6012704521325507 0.0046013270754429909
4 4 0.25 11 3 2 1.5 1 -0.5 1 0.24344493306720275 0.0010421082164033734
4 4 0.25 12 0 3 0 1.5 0 -0.5 0.13962041385815135 0.00076602045546878613
4 4 0.25 13 1 3 0.5 1.5 0.5 -0.5 0.15798675206740084 0.00072855664389783316
4 4 0.25 14 2 3 1 1.5 1 -0.5 0.18081584125649416 0.00086186635874917141
4 4 0.25 15 3 3 1.5 1.5 -0.5 -0.5 0.15817481416351548 0.00067678722855019384
