# beta T replica_id seed nwarm nmeas nbin status
2 0.5 0 2026100202 0 2 2 ok
2 0.5 1 14091850342960325884 0 2 2 ok
2 0.5 2 9306551620083171355 0 2 2 ok
2 0.5 3 4465684517065033367 0 2 2 ok
2 0.5 4 28440395299251981 0 2 2 ok
2 0.5 5 12360188159668623489 0 2 2 ok
2 0.5 6 16080220806252461791 0 2 2 ok
2 0.5 7 1799669402694207889 0 2 2 ok
2 0.5 8 7186156015239593726 0 2 2 ok
2 0.5 9 4710045938004213942 0 2 2 ok
2 0.5 10 4326549183342711729 0 2 2 ok
2 0.5 11 10061395257644235232 0 2 2 ok
2 0.5 12 16296483880141692077 0 2 2 ok
2 0.5 13 12189409332234945262 0 2 2 ok
2 0.5 14 6330017808781742532 0 2 2 ok
2 0.5 15 15411425769616766041 0 2 2 ok
4 0.25 0 2026101202 0 2 2 ok
4 0.25 1 17357907974217303431 0 2 2 ok
4 0.25 2 16560263755710310403 0 2 2 ok
4 0.25 3 8801830833470095288 0 2 2 ok
4 0.25 4 309040681422874243 0 2 2 ok
4 0.25 5 16617066295591570398 0 2 2 ok
4 0.25 6 13650965613247169644 0 2 2 ok
4 0.25 7 2367493263514894659 0 2 2 ok
4 0.25 8 15812771471828631660 0 2 2 ok
4 0.25 9 14294609371462860978 0 2 2 ok
4 0.25 10 15126902807088291555 0 2 2 ok
4 0.25 11 1850830153817141825 0 2 2 ok
4 0.25 12 7011334553948127322 0 2 2 ok
4 0.25 13 9420106952769379324 0 2 2 ok
4 0.25 14 5977180269367814400 0 2 2 ok
4 0.25 15 15527449574591242528 0 2 2 ok
