# definition=Sperp(q)=N^-1 sum_ij exp[-iq.(ri-rj)] <Sxi Sxj + Syi Syj>
# ladder_definition=Sperp(q)=0.5*(S+-(q)+S-+(q)); Splus=Sx+iSy
# su2_relation=ensemble Sperp(q)=2*Szz(q) at any dtau for the current SU(2)-invariant model
# hs_caveat=individual spin-channel-HS samples select the z axis; equality is restored by ensemble averaging
# lattice=square Lx=4 Ly=4 n=16 bc_x=antiperiodic bc_y=periodic t=-1 U=4 mu=2 dtau=0.10000000000000001
# sperp_q=all seed=12801187692563073527 parallel=serial nrep=1 bins=20 nbeta=1
# beta_requested beta T q_index mx my qx_over_pi qy_over_pi qx_folded_over_pi qy_folded_over_pi Sperp dSperp
8 8 0.125 0 0 0 0 0 0 0 0.0067971386095981353 0.005539385974877571
8 8 0.125 1 1 0 0.5 0 0.5 0 0.14827668594170587 0.0036350359710029707
8 8 0.125 2 2 0 1 0 1 0 0.34855826064118001 0.0033317772010429893
8 8 0.125 3 3 0 1.5 0 -0.5 0 0.14827668594170587 0.0036350359710029638
8 8 0.125 4 0 1 0 0.5 0 0.5 0.30838217912525828 0.003793857358313904
8 8 0.125 5 1 1 0.5 0.5 0.5 0.5 0.30823110317726943 0.0030505968587462014
8 8 0.125 6 2 1 1 0.5 1 0.5 0.32215712703955113 0.0034707335589204335
8 8 0.125 7 3 1 1.5 0.5 -0.5 0.5 0.31614279888377322 0.0044970005327385435
8 8 0.125 8 0 2 0 1 0 1 0.27881499433139162 0.00406078624783763
8 8 0.125 9 1 2 0.5 1 0.5 1 0.51737334030773396 0.0042281548010190285
8 8 0.125 10 2 2 1 1 1 1 1.2756383607366812 0.0076928698324719783
8 8 0.125 11 3 2 1.5 1 -0.5 1 0.51737334030773374 0.0042281548010190345
8 8 0.125 12 0 3 0 1.5 0 -0.5 0.30838217912525823 0.0037938573583139244
8 8 0.125 13 1 3 0.5 1.5 0.5 -0.5 0.31614279888377317 0.004497000532738521
8 8 0.125 14 2 3 1 1.5 1 -0.5 0.32215712703955096 0.0034707335589204647
8 8 0.125 15 3 3 1.5 1.5 -0.5 -0.5 0.30823110317726959 0.0030505968587462313
