# definition=Szz(q)=N^-1 sum_ij exp[-iq.(ri-rj)] <Szi Szj>
# spin_operator=Szi=(n_up-n_down)/2 factor3_applied=0
# lattice=square Lx=4 Ly=4 n=16 bc_x=antiperiodic bc_y=periodic t=-1 U=4 mu=2 dtau=0.10000000000000001
# szz_q=all seed=12801187692563073527 parallel=serial nrep=1 bins=20 nbeta=1
# beta_requested beta T q_index mx my qx_over_pi qy_over_pi qx_folded_over_pi qy_folded_over_pi Szz dSzz
8 8 0.125 0 0 0 0 0 0 0 0.0020055969618434726 0.00018016950886537306
8 8 0.125 1 1 0 0.5 0 0.5 0 0.078954763914005216 0.00056359776412908302
8 8 0.125 2 2 0 1 0 1 0 0.17311408603468331 0.00097937924895172951
8 8 0.125 3 3 0 1.5 0 -0.5 0 0.078954763914005174 0.00056359776412909625
8 8 0.125 4 0 1 0 0.5 0 0.5 0.1505067998006844 0.00084723599573262114
8 8 0.125 5 1 1 0.5 0.5 0.5 0.5 0.15585577846847373 0.0010287701383678734
8 8 0.125 6 2 1 1 0.5 1 0.5 0.16063002395073395 0.0006532504281756157
8 8 0.125 7 3 1 1.5 0.5 -0.5 0.5 0.15599589002405165 0.00081544765717900941
8 8 0.125 8 0 2 0 1 0 1 0.13845775677434571 0.0007701143528905961
8 8 0.125 9 1 2 0.5 1 0.5 1 0.25885732594208538 0.0013454776239946425
8 8 0.125 10 2 2 1 1 1 1 0.64028900766377617 0.0074390309187358653
8 8 0.125 11 3 2 1.5 1 -0.5 1 0.25885732594208533 0.0013454776239946583
8 8 0.125 12 0 3 0 1.5 0 -0.5 0.15050679980068435 0.0008472359957326296
8 8 0.125 13 1 3 0.5 1.5 0.5 -0.5 0.15599589002405159 0.00081544765717899922
8 8 0.125 14 2 3 1 1.5 1 -0.5 0.16063002395073384 0.00065325042817560106
8 8 0.125 15 3 3 1.5 1.5 -0.5 -0.5 0.15585577846847384 0.0010287701383678647
