# definition=Sperp(q)=N^-1 sum_ij exp[-iq.(ri-rj)] <Sxi Sxj + Syi Syj>
# ladder_definition=Sperp(q)=0.5*(S+-(q)+S-+(q)); Splus=Sx+iSy
# su2_relation=ensemble Sperp(q)=2*Szz(q) at any dtau for the current SU(2)-invariant model
# hs_caveat=individual spin-channel-HS samples select the z axis; equality is restored by ensemble averaging
# lattice=square Lx=4 Ly=4 n=16 bc_x=antiperiodic bc_y=periodic t=-1 U=4 mu=2 dtau=0.050000000000000003
# sperp_q=all seed=16558510989283459241 parallel=serial nrep=1 bins=20 nbeta=1
# beta_requested beta T q_index mx my qx_over_pi qy_over_pi qx_folded_over_pi qy_folded_over_pi Sperp dSperp
4 4 0.25 0 0 0 0 0 0 0 0.044643647340206399 0.0025755332937026539
4 4 0.25 1 1 0 0.5 0 0.5 0 0.18731186827666188 0.0026296975031113836
4 4 0.25 2 2 0 1 0 1 0 0.36812992650750526 0.0037971021522026876
4 4 0.25 3 3 0 1.5 0 -0.5 0 0.18731186827666185 0.0026296975031114161
4 4 0.25 4 0 1 0 0.5 0 0.5 0.27579368519638026 0.0039975543514890076
4 4 0.25 5 1 1 0.5 0.5 0.5 0.5 0.31742130977452276 0.00248111464838748
4 4 0.25 6 2 1 1 0.5 1 0.5 0.3661679753410782 0.0033324024504686185
4 4 0.25 7 3 1 1.5 0.5 -0.5 0.5 0.32026532113605283 0.0024669355311856835
4 4 0.25 8 0 2 0 1 0 1 0.26342983355712624 0.0034327976628803049
4 4 0.25 9 1 2 0.5 1 0.5 1 0.48010324130644577 0.0032138796897465257
4 4 0.25 10 2 2 1 1 1 1 1.1629702631156797 0.011309784764756472
4 4 0.25 11 3 2 1.5 1 -0.5 1 0.48010324130644555 0.0032138796897465613
4 4 0.25 12 0 3 0 1.5 0 -0.5 0.2757936851963802 0.0039975543514890197
4 4 0.25 13 1 3 0.5 1.5 0.5 -0.5 0.32026532113605272 0.0024669355311856592
4 4 0.25 14 2 3 1 1.5 1 -0.5 0.36616797534107798 0.0033324024504686619
4 4 0.25 15 3 3 1.5 1.5 -0.5 -0.5 0.31742130977452299 0.0024811146483874379
