# definition=Szz(q)=N^-1 sum_ij exp[-iq.(ri-rj)] <Szi Szj>
# spin_operator=Szi=(n_up-n_down)/2 factor3_applied=0
# lattice=square Lx=4 Ly=4 n=16 bc_x=antiperiodic bc_y=periodic t=-1 U=4 mu=2 dtau=0.050000000000000003
# szz_q=all seed=16558510989283459241 parallel=serial nrep=1 bins=20 nbeta=1
# beta_requested beta T q_index mx my qx_over_pi qy_over_pi qx_folded_over_pi qy_folded_over_pi Szz dSzz
4 4 0.25 0 0 0 0 0 0 0 0.020512092908962099 0.00041133619320280244
4 4 0.25 1 1 0 0.5 0 0.5 0 0.093750988375729455 0.00049174747580908013
4 4 0.25 2 2 0 1 0 1 0 0.18267221645287529 0.0010914921869069312
4 4 0.25 3 3 0 1.5 0 -0.5 0 0.093750988375729399 0.00049174747580908338
4 4 0.25 4 0 1 0 0.5 0 0.5 0.13866451379437111 0.00091354837948329497
4 4 0.25 5 1 1 0.5 0.5 0.5 0.5 0.15871110028960717 0.00072473195052672292
4 4 0.25 6 2 1 1 0.5 1 0.5 0.18035565982626961 0.00084935729367038642
4 4 0.25 7 3 1 1.5 0.5 -0.5 0.5 0.15889367338145072 0.00067895250885656097
4 4 0.25 8 0 2 0 1 0 1 0.12945898946553858 0.00064744472176451703
4 4 0.25 9 1 2 0.5 1 0.5 1 0.24341197209760845 0.00078303344374247227
4 4 0.25 10 2 2 1 1 1 1 0.58643112193395164 0.0047676098934912895
4 4 0.25 11 3 2 1.5 1 -0.5 1 0.2434119720976084 0.00078303344374250241
4 4 0.25 12 0 3 0 1.5 0 -0.5 0.13866451379437111 0.00091354837948326992
4 4 0.25 13 1 3 0.5 1.5 0.5 -0.5 0.15889367338145069 0.00067895250885653961
4 4 0.25 14 2 3 1 1.5 1 -0.5 0.18035565982626953 0.00084935729367037027
4 4 0.25 15 3 3 1.5 1.5 -0.5 -0.5 0.15871110028960725 0.00072473195052673441
