# definition=Sperp(q)=N^-1 sum_ij exp[-iq.(ri-rj)] <Sxi Sxj + Syi Syj>
# ladder_definition=Sperp(q)=0.5*(S+-(q)+S-+(q)); Splus=Sx+iSy
# su2_relation=ensemble Sperp(q)=2*Szz(q) at any dtau for the current SU(2)-invariant model
# hs_caveat=individual spin-channel-HS samples select the z axis; equality is restored by ensemble averaging
# lattice=square Lx=4 Ly=4 n=16 pbc=1 t=-1 U=4 mu=2 dtau=0.050000000000000003
# sperp_q=all seed=14120150640275718461 parallel=serial nrep=1 bins=20 nbeta=1
# beta_requested beta T q_index mx my qx_over_pi qy_over_pi qx_folded_over_pi qy_folded_over_pi Sperp dSperp
16 16 0.0625 0 0 0 0 0 0 0 0.0070019343420228862 0.018191070181670765
16 16 0.0625 1 1 0 0.5 0 0.5 0 0.22901908178112979 0.018621983235047077
16 16 0.0625 2 2 0 1 0 1 0 0.32194434361447116 0.022614735473773139
16 16 0.0625 3 3 0 1.5 0 -0.5 0 0.22901908178112973 0.018621983235047084
16 16 0.0625 4 0 1 0 0.5 0 0.5 0.21129014158305187 0.0077073571916357964
16 16 0.0625 5 1 1 0.5 0.5 0.5 0.5 0.30556280899322613 0.0069460501862004028
16 16 0.0625 6 2 1 1 0.5 1 0.5 0.39844637390652476 0.019113374122424878
16 16 0.0625 7 3 1 1.5 0.5 -0.5 0.5 0.32680209013609757 0.021766259398669788
16 16 0.0625 8 0 2 0 1 0 1 0.33358470600543005 0.01730634960935919
16 16 0.0625 9 1 2 0.5 1 0.5 1 0.37844297032909741 0.041504349974642529
16 16 0.0625 10 2 2 1 1 1 1 1.8040168158829366 0.083236726104055997
16 16 0.0625 11 3 2 1.5 1 -0.5 1 0.37844297032909713 0.041504349974642453
16 16 0.0625 12 0 3 0 1.5 0 -0.5 0.21129014158305187 0.0077073571916357964
16 16 0.0625 13 1 3 0.5 1.5 0.5 -0.5 0.32680209013609751 0.021766259398669788
16 16 0.0625 14 2 3 1 1.5 1 -0.5 0.3984463739065246 0.019113374122424899
16 16 0.0625 15 3 3 1.5 1.5 -0.5 -0.5 0.30556280899322641 0.0069460501862003967
