# definition=Szz(q)=N^-1 sum_ij exp[-iq.(ri-rj)] <Szi Szj>
# spin_operator=Szi=(n_up-n_down)/2 factor3_applied=0
# lattice=square Lx=4 Ly=4 n=16 pbc=1 t=-1 U=4 mu=2 dtau=0.050000000000000003
# szz_q=all seed=14120150640275718461 parallel=serial nrep=1 bins=20 nbeta=1
# beta_requested beta T q_index mx my qx_over_pi qy_over_pi qx_folded_over_pi qy_folded_over_pi Szz dSzz
16 16 0.0625 0 0 0 0 0 0 0 0.0091882787612813065 0.0027379546649637979
16 16 0.0625 1 1 0 0.5 0 0.5 0 0.10705230412020941 0.0013797531910877314
16 16 0.0625 2 2 0 1 0 1 0 0.1587350760132562 0.0022489202093956572
16 16 0.0625 3 3 0 1.5 0 -0.5 0 0.10705230412020939 0.0013797531910877288
16 16 0.0625 4 0 1 0 0.5 0 0.5 0.10659169268313198 0.0013038083946179751
16 16 0.0625 5 1 1 0.5 0.5 0.5 0.5 0.15927184607594891 0.0025324838236915692
16 16 0.0625 6 2 1 1 0.5 1 0.5 0.20282755732462929 0.002155952241807339
16 16 0.0625 7 3 1 1.5 0.5 -0.5 0.5 0.15793502838364665 0.0028001332558435818
16 16 0.0625 8 0 2 0 1 0 1 0.15716653101854133 0.0031368319223408743
16 16 0.0625 9 1 2 0.5 1 0.5 1 0.20107627327376001 0.0018030562007008291
16 16 0.0625 10 2 2 1 1 1 1 0.88823807713582659 0.027391747115092825
16 16 0.0625 11 3 2 1.5 1 -0.5 1 0.20107627327375993 0.0018030562007008235
16 16 0.0625 12 0 3 0 1.5 0 -0.5 0.10659169268313193 0.0013038083946179744
16 16 0.0625 13 1 3 0.5 1.5 0.5 -0.5 0.15793502838364662 0.0028001332558435714
16 16 0.0625 14 2 3 1 1.5 1 -0.5 0.20282755732462912 0.0021559522418073689
16 16 0.0625 15 3 3 1.5 1.5 -0.5 -0.5 0.15927184607594908 0.0025324838236915692
