# definition=Sperp(q)=N^-1 sum_ij exp[-iq.(ri-rj)] <Sxi Sxj + Syi Syj>
# ladder_definition=Sperp(q)=0.5*(S+-(q)+S-+(q)); Splus=Sx+iSy
# su2_relation=ensemble Sperp(q)=2*Szz(q) at any dtau for the current SU(2)-invariant model
# hs_caveat=individual spin-channel-HS samples select the z axis; equality is restored by ensemble averaging
# lattice=square Lx=4 Ly=4 n=16 bc_x=antiperiodic bc_y=periodic t=-1 U=4 mu=2 dtau=0.050000000000000003
# sperp_q=all seed=10176337054646461920 parallel=serial nrep=1 bins=20 nbeta=1
# beta_requested beta T q_index mx my qx_over_pi qy_over_pi qx_folded_over_pi qy_folded_over_pi Sperp dSperp
4 4 0.25 0 0 0 0 0 0 0 0.03731293587037271 0.003926334032039785
4 4 0.25 1 1 0 0.5 0 0.5 0 0.18842324282470835 0.0028697777611054634
4 4 0.25 2 2 0 1 0 1 0 0.36981331325631334 0.0031828116629773269
4 4 0.25 3 3 0 1.5 0 -0.5 0 0.18842324282470829 0.0028697777611054612
4 4 0.25 4 0 1 0 0.5 0 0.5 0.27892476690792101 0.0024171696049608508
4 4 0.25 5 1 1 0.5 0.5 0.5 0.5 0.31911960578580628 0.0018506357640111499
4 4 0.25 6 2 1 1 0.5 1 0.5 0.36276820584655717 0.0028392494889403095
4 4 0.25 7 3 1 1.5 0.5 -0.5 0.5 0.31533715581003741 0.0030244652014043607
4 4 0.25 8 0 2 0 1 0 1 0.25749430729065415 0.0044494539759717799
4 4 0.25 9 1 2 0.5 1 0.5 1 0.48727895565694279 0.0026562356971857864
4 4 0.25 10 2 2 1 1 1 1 1.1571515980438711 0.010918841282790354
4 4 0.25 11 3 2 1.5 1 -0.5 1 0.48727895565694268 0.0026562356971857868
4 4 0.25 12 0 3 0 1.5 0 -0.5 0.27892476690792101 0.0024171696049608729
4 4 0.25 13 1 3 0.5 1.5 0.5 -0.5 0.3153371558100373 0.0030244652014043095
4 4 0.25 14 2 3 1 1.5 1 -0.5 0.36276820584655689 0.0028392494889403017
4 4 0.25 15 3 3 1.5 1.5 -0.5 -0.5 0.31911960578580645 0.0018506357640111638
