# definition=Szz(q)=N^-1 sum_ij exp[-iq.(ri-rj)] <Szi Szj>
# spin_operator=Szi=(n_up-n_down)/2 factor3_applied=0
# lattice=square Lx=4 Ly=4 n=16 bc_x=antiperiodic bc_y=periodic t=-1 U=4 mu=2 dtau=0.050000000000000003
# szz_q=all seed=10176337054646461920 parallel=serial nrep=1 bins=20 nbeta=1
# beta_requested beta T q_index mx my qx_over_pi qy_over_pi qx_folded_over_pi qy_folded_over_pi Szz dSzz
4 4 0.25 0 0 0 0 0 0 0 0.019747757748718085 0.00025144058582893784
4 4 0.25 1 1 0 0.5 0 0.5 0 0.09295289994268667 0.00051013657551689587
4 4 0.25 2 2 0 1 0 1 0 0.1835209494889106 0.00096453461709031642
4 4 0.25 3 3 0 1.5 0 -0.5 0 0.092952899942686643 0.00051013657551689045
4 4 0.25 4 0 1 0 0.5 0 0.5 0.13865360356450679 0.00068651066623287972
4 4 0.25 5 1 1 0.5 0.5 0.5 0.5 0.15913644014649653 0.00069410696022656167
4 4 0.25 6 2 1 1 0.5 1 0.5 0.17913375119722941 0.00036401622735540918
4 4 0.25 7 3 1 1.5 0.5 -0.5 0.5 0.15679833650667976 0.00073321603680315576
4 4 0.25 8 0 2 0 1 0 1 0.12966326768716435 0.00045089336448844876
4 4 0.25 9 1 2 0.5 1 0.5 1 0.24252895844639774 0.00085929863266156212
4 4 0.25 10 2 2 1 1 1 1 0.59139805552979186 0.0045847847746029223
4 4 0.25 11 3 2 1.5 1 -0.5 1 0.24252895844639771 0.00085929863266156451
4 4 0.25 12 0 3 0 1.5 0 -0.5 0.13865360356450673 0.00068651066623289111
4 4 0.25 13 1 3 0.5 1.5 0.5 -0.5 0.15679833650667965 0.00073321603680315814
4 4 0.25 14 2 3 1 1.5 1 -0.5 0.1791337511972293 0.00036401622735538803
4 4 0.25 15 3 3 1.5 1.5 -0.5 -0.5 0.15913644014649658 0.00069410696022656655
