# definition=Sperp(q)=N^-1 sum_ij exp[-iq.(ri-rj)] <Sxi Sxj + Syi Syj>
# ladder_definition=Sperp(q)=0.5*(S+-(q)+S-+(q)); Splus=Sx+iSy
# su2_relation=ensemble Sperp(q)=2*Szz(q) at any dtau for the current SU(2)-invariant model
# hs_caveat=individual spin-channel-HS samples select the z axis; equality is restored by ensemble averaging
# lattice=square Lx=4 Ly=4 n=16 pbc=1 t=-1 U=4 mu=2 dtau=0.025000000000000001
# sperp_q=all seed=5780019872462973432 parallel=serial nrep=1 bins=20 nbeta=1
# beta_requested beta T q_index mx my qx_over_pi qy_over_pi qx_folded_over_pi qy_folded_over_pi Sperp dSperp
4 4 0.25 0 0 0 0 0 0 0 0.11972557862966449 0.0088642364641875419
4 4 0.25 1 1 0 0.5 0 0.5 0 0.22271646859065183 0.0044225669458815009
4 4 0.25 2 2 0 1 0 1 0 0.33010604471417121 0.010057355948685643
4 4 0.25 3 3 0 1.5 0 -0.5 0 0.22271646859065175 0.0044225669458815235
4 4 0.25 4 0 1 0 0.5 0 0.5 0.21543267251054105 0.0056251110344136572
4 4 0.25 5 1 1 0.5 0.5 0.5 0.5 0.33695486428097826 0.0077455895703288482
4 4 0.25 6 2 1 1 0.5 1 0.5 0.42582728148890137 0.0045483861980678414
4 4 0.25 7 3 1 1.5 0.5 -0.5 0.5 0.33852903142997276 0.0064068663670501201
4 4 0.25 8 0 2 0 1 0 1 0.33596496698372413 0.0099315108958559113
4 4 0.25 9 1 2 0.5 1 0.5 1 0.41967979888356827 0.0052193939826848928
4 4 0.25 10 2 2 1 1 1 1 1.2817222073503551 0.01515710949368939
4 4 0.25 11 3 2 1.5 1 -0.5 1 0.4196797988835681 0.0052193939826849136
4 4 0.25 12 0 3 0 1.5 0 -0.5 0.21543267251054105 0.0056251110344136572
4 4 0.25 13 1 3 0.5 1.5 0.5 -0.5 0.33852903142997287 0.0064068663670500871
4 4 0.25 14 2 3 1 1.5 1 -0.5 0.4258272814889012 0.0045483861980678466
4 4 0.25 15 3 3 1.5 1.5 -0.5 -0.5 0.33695486428097837 0.0077455895703288846
