# definition=Szz(q)=N^-1 sum_ij exp[-iq.(ri-rj)] <Szi Szj>
# spin_operator=Szi=(n_up-n_down)/2 factor3_applied=0
# lattice=square Lx=4 Ly=4 n=16 pbc=1 t=-1 U=4 mu=2 dtau=0.025000000000000001
# szz_q=all seed=5780019872462973432 parallel=serial nrep=1 bins=20 nbeta=1
# beta_requested beta T q_index mx my qx_over_pi qy_over_pi qx_folded_over_pi qy_folded_over_pi Szz dSzz
4 4 0.25 0 0 0 0 0 0 0 0.062694690649625323 0.0010371466523235045
4 4 0.25 1 1 0 0.5 0 0.5 0 0.11159665934550764 0.00064480568340939508
4 4 0.25 2 2 0 1 0 1 0 0.1694566017354508 0.00097525463038807166
4 4 0.25 3 3 0 1.5 0 -0.5 0 0.11159665934550764 0.00064480568340940386
4 4 0.25 4 0 1 0 0.5 0 0.5 0.11148713184280597 0.00083830852394133125
4 4 0.25 5 1 1 0.5 0.5 0.5 0.5 0.16821364061760791 0.00078220169914355409
4 4 0.25 6 2 1 1 0.5 1 0.5 0.20935574991014388 0.00075391266508322257
4 4 0.25 7 3 1 1.5 0.5 -0.5 0.5 0.16813807234830058 0.00098684013827091263
4 4 0.25 8 0 2 0 1 0 1 0.16590706034292491 0.0010903251361676063
4 4 0.25 9 1 2 0.5 1 0.5 1 0.20806573577958573 0.00092425863652792299
4 4 0.25 10 2 2 1 1 1 1 0.64112718360766674 0.0073811349229282843
4 4 0.25 11 3 2 1.5 1 -0.5 1 0.20806573577958565 0.00092425863652791931
4 4 0.25 12 0 3 0 1.5 0 -0.5 0.11148713184280594 0.00083830852394134079
4 4 0.25 13 1 3 0.5 1.5 0.5 -0.5 0.16813807234830058 0.00098684013827091111
4 4 0.25 14 2 3 1 1.5 1 -0.5 0.20935574991014377 0.0007539126650832203
4 4 0.25 15 3 3 1.5 1.5 -0.5 -0.5 0.16821364061760796 0.00078220169914355268
