# definition=Sperp(q)=N^-1 sum_ij exp[-iq.(ri-rj)] <Sxi Sxj + Syi Syj>
# ladder_definition=Sperp(q)=0.5*(S+-(q)+S-+(q)); Splus=Sx+iSy
# su2_relation=ensemble Sperp(q)=2*Szz(q) at any dtau for the current SU(2)-invariant model
# hs_caveat=individual spin-channel-HS samples select the z axis; equality is restored by ensemble averaging
# lattice=square Lx=4 Ly=4 n=16 pbc=1 t=-1 U=4 mu=2 dtau=0.025000000000000001
# sperp_q=all seed=13365266839724982825 parallel=serial nrep=1 bins=20 nbeta=1
# beta_requested beta T q_index mx my qx_over_pi qy_over_pi qx_folded_over_pi qy_folded_over_pi Sperp dSperp
16 16 0.0625 0 0 0 0 0 0 0 0.054704600492942769 0.034867071082193953
16 16 0.0625 1 1 0 0.5 0 0.5 0 0.18331478347858271 0.021632673467922733
16 16 0.0625 2 2 0 1 0 1 0 0.30178760528586956 0.033448713720745309
16 16 0.0625 3 3 0 1.5 0 -0.5 0 0.18331478347858271 0.021632673467922733
16 16 0.0625 4 0 1 0 0.5 0 0.5 0.21724251288534296 0.010098284672273746
16 16 0.0625 5 1 1 0.5 0.5 0.5 0.5 0.30940081540848169 0.02176987200671816
16 16 0.0625 6 2 1 1 0.5 1 0.5 0.43598996429757692 0.035636711531769658
16 16 0.0625 7 3 1 1.5 0.5 -0.5 0.5 0.29324596931054064 0.046570027319430163
16 16 0.0625 8 0 2 0 1 0 1 0.28837676054793182 0.034626214063495579
16 16 0.0625 9 1 2 0.5 1 0.5 1 0.38335503737097698 0.021918243779493675
16 16 0.0625 10 2 2 1 1 1 1 1.8760295709818329 0.093476252543504959
16 16 0.0625 11 3 2 1.5 1 -0.5 1 0.38335503737097659 0.021918243779493696
16 16 0.0625 12 0 3 0 1.5 0 -0.5 0.21724251288534288 0.010098284672273743
16 16 0.0625 13 1 3 0.5 1.5 0.5 -0.5 0.29324596931054064 0.046570027319430163
16 16 0.0625 14 2 3 1 1.5 1 -0.5 0.43598996429757664 0.035636711531769602
16 16 0.0625 15 3 3 1.5 1.5 -0.5 -0.5 0.30940081540848202 0.021769872006718122
