# definition=Szz(q)=N^-1 sum_ij exp[-iq.(ri-rj)] <Szi Szj>
# spin_operator=Szi=(n_up-n_down)/2 factor3_applied=0
# lattice=square Lx=4 Ly=4 n=16 pbc=1 t=-1 U=4 mu=2 dtau=0.025000000000000001
# szz_q=all seed=13365266839724982825 parallel=serial nrep=1 bins=20 nbeta=1
# beta_requested beta T q_index mx my qx_over_pi qy_over_pi qx_folded_over_pi qy_folded_over_pi Szz dSzz
16 16 0.0625 0 0 0 0 0 0 0 0.0084741770100410421 0.002280156801055656
16 16 0.0625 1 1 0 0.5 0 0.5 0 0.10709693082925476 0.0014905959081110789
16 16 0.0625 2 2 0 1 0 1 0 0.15429383425664767 0.0020237916359343005
16 16 0.0625 3 3 0 1.5 0 -0.5 0 0.10709693082925471 0.0014905959081110711
16 16 0.0625 4 0 1 0 0.5 0 0.5 0.10535498425261994 0.0012852929772018326
16 16 0.0625 5 1 1 0.5 0.5 0.5 0.5 0.15653495897254199 0.0025227255585660332
16 16 0.0625 6 2 1 1 0.5 1 0.5 0.20210398111019323 0.0019577566763577655
16 16 0.0625 7 3 1 1.5 0.5 -0.5 0.5 0.1556516616755648 0.0023395959103065449
16 16 0.0625 8 0 2 0 1 0 1 0.15623471536130545 0.0026229945557958421
16 16 0.0625 9 1 2 0.5 1 0.5 1 0.20074928079054599 0.0021047816476578878
16 16 0.0625 10 2 2 1 1 1 1 0.90901202951635474 0.028157622241783066
16 16 0.0625 11 3 2 1.5 1 -0.5 1 0.20074928079054585 0.0021047816476578675
16 16 0.0625 12 0 3 0 1.5 0 -0.5 0.10535498425261994 0.0012852929772018326
16 16 0.0625 13 1 3 0.5 1.5 0.5 -0.5 0.1556516616755648 0.0023395959103065427
16 16 0.0625 14 2 3 1 1.5 1 -0.5 0.20210398111019306 0.0019577566763577811
16 16 0.0625 15 3 3 1.5 1.5 -0.5 -0.5 0.15653495897254213 0.0025227255585660423
