# definition=Sperp(q)=N^-1 sum_ij exp[-iq.(ri-rj)] <Sxi Sxj + Syi Syj>
# ladder_definition=Sperp(q)=0.5*(S+-(q)+S-+(q)); Splus=Sx+iSy
# su2_relation=ensemble Sperp(q)=2*Szz(q) at any dtau for the current SU(2)-invariant model
# hs_caveat=individual spin-channel-HS samples select the z axis; equality is restored by ensemble averaging
# lattice=square Lx=4 Ly=4 n=16 pbc=1 t=-1 U=4 mu=2 dtau=0.025000000000000001
# sperp_q=all seed=15086388192218486182 parallel=serial nrep=1 bins=20 nbeta=1
# beta_requested beta T q_index mx my qx_over_pi qy_over_pi qx_folded_over_pi qy_folded_over_pi Sperp dSperp
8 8 0.125 0 0 0 0 0 0 0 0.05323389855268397 0.013576652288838325
8 8 0.125 1 1 0 0.5 0 0.5 0 0.21400356368519452 0.0057727626186099791
8 8 0.125 2 2 0 1 0 1 0 0.32798581969532126 0.013635034431316858
8 8 0.125 3 3 0 1.5 0 -0.5 0 0.21400356368519452 0.0057727626186099947
8 8 0.125 4 0 1 0 0.5 0 0.5 0.23314235801977484 0.0085718233080256338
8 8 0.125 5 1 1 0.5 0.5 0.5 0.5 0.32671524523905371 0.015773159073023506
8 8 0.125 6 2 1 1 0.5 1 0.5 0.39427068200819482 0.010584936298412423
8 8 0.125 7 3 1 1.5 0.5 -0.5 0.5 0.31344090368792321 0.016517930177717226
8 8 0.125 8 0 2 0 1 0 1 0.28777990483122734 0.021595931892108847
8 8 0.125 9 1 2 0.5 1 0.5 1 0.40055826727942401 0.007518300408638573
8 8 0.125 10 2 2 1 1 1 1 1.696767482560783 0.051067580592760481
8 8 0.125 11 3 2 1.5 1 -0.5 1 0.40055826727942395 0.0075183004086386146
8 8 0.125 12 0 3 0 1.5 0 -0.5 0.23314235801977481 0.0085718233080256563
8 8 0.125 13 1 3 0.5 1.5 0.5 -0.5 0.31344090368792321 0.016517930177717237
8 8 0.125 14 2 3 1 1.5 1 -0.5 0.39427068200819437 0.010584936298412447
8 8 0.125 15 3 3 1.5 1.5 -0.5 -0.5 0.32671524523905399 0.015773159073023488
