# definition=Szz(q)=N^-1 sum_ij exp[-iq.(ri-rj)] <Szi Szj>
# spin_operator=Szi=(n_up-n_down)/2 factor3_applied=0
# lattice=square Lx=4 Ly=4 n=16 pbc=1 t=-1 U=4 mu=2 dtau=0.025000000000000001
# szz_q=all seed=15086388192218486182 parallel=serial nrep=1 bins=20 nbeta=1
# beta_requested beta T q_index mx my qx_over_pi qy_over_pi qx_folded_over_pi qy_folded_over_pi Szz dSzz
8 8 0.125 0 0 0 0 0 0 0 0.027021039652337965 0.0012170864593713214
8 8 0.125 1 1 0 0.5 0 0.5 0 0.10664848600887433 0.0010885468939357888
8 8 0.125 2 2 0 1 0 1 0 0.15951406018753511 0.00286246814314182
8 8 0.125 3 3 0 1.5 0 -0.5 0 0.10664848600887433 0.0010885468939357888
8 8 0.125 4 0 1 0 0.5 0 0.5 0.10584813669312979 0.0010840913216454207
8 8 0.125 5 1 1 0.5 0.5 0.5 0.5 0.15703479407565163 0.0022542440116369105
8 8 0.125 6 2 1 1 0.5 1 0.5 0.2024115664299552 0.0017282777865679558
8 8 0.125 7 3 1 1.5 0.5 -0.5 0.5 0.15641562346299798 0.0022215189561406177
8 8 0.125 8 0 2 0 1 0 1 0.15731037565006203 0.0023514019962335218
8 8 0.125 9 1 2 0.5 1 0.5 1 0.20136388150060364 0.0018158273413285361
8 8 0.125 10 2 2 1 1 1 1 0.86172412090721229 0.023474297144596815
8 8 0.125 11 3 2 1.5 1 -0.5 1 0.2013638815006035 0.0018158273413285413
8 8 0.125 12 0 3 0 1.5 0 -0.5 0.10584813669312979 0.0010840913216454207
8 8 0.125 13 1 3 0.5 1.5 0.5 -0.5 0.15641562346299798 0.0022215189561406302
8 8 0.125 14 2 3 1 1.5 1 -0.5 0.20241156642995506 0.0017282777865679272
8 8 0.125 15 3 3 1.5 1.5 -0.5 -0.5 0.15703479407565171 0.0022542440116368936
