# definition=Sperp(q)=N^-1 sum_ij exp[-iq.(ri-rj)] <Sxi Sxj + Syi Syj>
# ladder_definition=Sperp(q)=0.5*(S+-(q)+S-+(q)); Splus=Sx+iSy
# su2_relation=ensemble Sperp(q)=2*Szz(q) at any dtau for the current SU(2)-invariant model
# hs_caveat=individual spin-channel-HS samples select the z axis; equality is restored by ensemble averaging
# lattice=square Lx=4 Ly=4 n=16 pbc=1 t=-1 U=4 mu=2 dtau=0.050000000000000003
# sperp_q=all seed=10176337054646461920 parallel=serial nrep=1 bins=20 nbeta=1
# beta_requested beta T q_index mx my qx_over_pi qy_over_pi qx_folded_over_pi qy_folded_over_pi Sperp dSperp
4 4 0.25 0 0 0 0 0 0 0 0.12200184319556125 0.0067381913582595836
4 4 0.25 1 1 0 0.5 0 0.5 0 0.21864200546475007 0.0028388506966684308
4 4 0.25 2 2 0 1 0 1 0 0.33690035259097395 0.0053503652498556216
4 4 0.25 3 3 0 1.5 0 -0.5 0 0.21864200546475004 0.0028388506966684174
4 4 0.25 4 0 1 0 0.5 0 0.5 0.22433841259904494 0.0064274180256470971
4 4 0.25 5 1 1 0.5 0.5 0.5 0.5 0.33060438989539104 0.0075831621435687568
4 4 0.25 6 2 1 1 0.5 1 0.5 0.41323596293957898 0.0099317766539712363
4 4 0.25 7 3 1 1.5 0.5 -0.5 0.5 0.35595331616001646 0.010916379056477341
4 4 0.25 8 0 2 0 1 0 1 0.3248128123923309 0.013878802121408811
4 4 0.25 9 1 2 0.5 1 0.5 1 0.41950232064416182 0.0066040684261634008
4 4 0.25 10 2 2 1 1 1 1 1.2870831727501031 0.024797729602201415
4 4 0.25 11 3 2 1.5 1 -0.5 1 0.4195023206441616 0.0066040684261634173
4 4 0.25 12 0 3 0 1.5 0 -0.5 0.22433841259904494 0.0064274180256470971
4 4 0.25 13 1 3 0.5 1.5 0.5 -0.5 0.35595331616001652 0.010916379056477365
4 4 0.25 14 2 3 1 1.5 1 -0.5 0.41323596293957882 0.0099317766539712624
4 4 0.25 15 3 3 1.5 1.5 -0.5 -0.5 0.33060438989539115 0.0075831621435687334
