# definition=Szz(q)=N^-1 sum_ij exp[-iq.(ri-rj)] <Szi Szj>
# spin_operator=Szi=(n_up-n_down)/2 factor3_applied=0
# lattice=square Lx=4 Ly=4 n=16 pbc=1 t=-1 U=4 mu=2 dtau=0.050000000000000003
# szz_q=all seed=10176337054646461920 parallel=serial nrep=1 bins=20 nbeta=1
# beta_requested beta T q_index mx my qx_over_pi qy_over_pi qx_folded_over_pi qy_folded_over_pi Szz dSzz
4 4 0.25 0 0 0 0 0 0 0 0.062489991061194017 0.0013189822094487392
4 4 0.25 1 1 0 0.5 0 0.5 0 0.11179656771717594 0.00061565875779856125
4 4 0.25 2 2 0 1 0 1 0 0.16772229315411452 0.0015811798645092685
4 4 0.25 3 3 0 1.5 0 -0.5 0 0.11179656771717594 0.00061565875779856125
4 4 0.25 4 0 1 0 0.5 0 0.5 0.11223884354026263 0.000667181400716124
4 4 0.25 5 1 1 0.5 0.5 0.5 0.5 0.16856479919519601 0.0010049956656051633
4 4 0.25 6 2 1 1 0.5 1 0.5 0.20898639241313516 0.0011905825903959714
4 4 0.25 7 3 1 1.5 0.5 -0.5 0.5 0.16815283584346893 0.00070889798188047265
4 4 0.25 8 0 2 0 1 0 1 0.16981244860752637 0.0012115218851706158
4 4 0.25 9 1 2 0.5 1 0.5 1 0.20786770167575758 0.0011179303638831817
4 4 0.25 10 2 2 1 1 1 1 0.64243648457460023 0.0097700194866805947
4 4 0.25 11 3 2 1.5 1 -0.5 1 0.20786770167575744 0.0011179303638831886
4 4 0.25 12 0 3 0 1.5 0 -0.5 0.11223884354026263 0.000667181400716124
4 4 0.25 13 1 3 0.5 1.5 0.5 -0.5 0.16815283584346893 0.0007088979818804758
4 4 0.25 14 2 3 1 1.5 1 -0.5 0.20898639241313499 0.0011905825903959848
4 4 0.25 15 3 3 1.5 1.5 -0.5 -0.5 0.16856479919519604 0.0010049956656051652
