# definition=Sperp(q)=N^-1 sum_ij exp[-iq.(ri-rj)] <Sxi Sxj + Syi Syj>
# ladder_definition=Sperp(q)=0.5*(S+-(q)+S-+(q)); Splus=Sx+iSy
# su2_relation=ensemble Sperp(q)=2*Szz(q) at any dtau for the current SU(2)-invariant model
# hs_caveat=individual spin-channel-HS samples select the z axis; equality is restored by ensemble averaging
# lattice=square Lx=4 Ly=4 n=16 pbc=1 t=-1 U=4 mu=2 dtau=0.10000000000000001
# sperp_q=all seed=10404129282694287992 parallel=serial nrep=1 bins=20 nbeta=1
# beta_requested beta T q_index mx my qx_over_pi qy_over_pi qx_folded_over_pi qy_folded_over_pi Sperp dSperp
4 4 0.25 0 0 0 0 0 0 0 0.11335040097296897 0.012765209149307288
4 4 0.25 1 1 0 0.5 0 0.5 0 0.23462137669949384 0.0068808716561299934
4 4 0.25 2 2 0 1 0 1 0 0.32450098489948087 0.0090841170044669243
4 4 0.25 3 3 0 1.5 0 -0.5 0 0.23462137669949384 0.0068808716561299934
4 4 0.25 4 0 1 0 0.5 0 0.5 0.22837017122627851 0.0043256731936423135
4 4 0.25 5 1 1 0.5 0.5 0.5 0.5 0.33471616661287135 0.005231395657832272
4 4 0.25 6 2 1 1 0.5 1 0.5 0.41420144875909487 0.0045921279008793768
4 4 0.25 7 3 1 1.5 0.5 -0.5 0.5 0.34006789190149012 0.005605214196630735
4 4 0.25 8 0 2 0 1 0 1 0.34727237211032724 0.0067166246401162743
4 4 0.25 9 1 2 0.5 1 0.5 1 0.41902834275762296 0.0082375715254960676
4 4 0.25 10 2 2 1 1 1 1 1.3108255655684966 0.018351610105914282
4 4 0.25 11 3 2 1.5 1 -0.5 1 0.4190283427576228 0.0082375715254960069
4 4 0.25 12 0 3 0 1.5 0 -0.5 0.22837017122627845 0.0043256731936423204
4 4 0.25 13 1 3 0.5 1.5 0.5 -0.5 0.34006789190149012 0.005605214196630735
4 4 0.25 14 2 3 1 1.5 1 -0.5 0.4142014487590947 0.0045921279008793083
4 4 0.25 15 3 3 1.5 1.5 -0.5 -0.5 0.3347161666128714 0.005231395657832291
