# definition=Szz(q)=N^-1 sum_ij exp[-iq.(ri-rj)] <Szi Szj>
# spin_operator=Szi=(n_up-n_down)/2 factor3_applied=0
# lattice=square Lx=4 Ly=4 n=16 pbc=1 t=-1 U=4 mu=2 dtau=0.10000000000000001
# szz_q=all seed=10404129282694287992 parallel=serial nrep=1 bins=20 nbeta=1
# beta_requested beta T q_index mx my qx_over_pi qy_over_pi qx_folded_over_pi qy_folded_over_pi Szz dSzz
4 4 0.25 0 0 0 0 0 0 0 0.061197796511791538 0.0011218280177908945
4 4 0.25 1 1 0 0.5 0 0.5 0 0.11128266740450236 0.00072105904838504621
4 4 0.25 2 2 0 1 0 1 0 0.16931891563080759 0.001469870157639533
4 4 0.25 3 3 0 1.5 0 -0.5 0 0.11128266740450236 0.00072105904838504621
4 4 0.25 4 0 1 0 0.5 0 0.5 0.11141260193257516 0.00068667347542929191
4 4 0.25 5 1 1 0.5 0.5 0.5 0.5 0.16762721881250606 0.0012125266808149329
4 4 0.25 6 2 1 1 0.5 1 0.5 0.20972338534310375 0.0010228353220125184
4 4 0.25 7 3 1 1.5 0.5 -0.5 0.5 0.16626444876083363 0.00089754223724821097
4 4 0.25 8 0 2 0 1 0 1 0.16756516080394585 0.0014856906408444129
4 4 0.25 9 1 2 0.5 1 0.5 1 0.20941212387316255 0.0008922157745506528
4 4 0.25 10 2 2 1 1 1 1 0.66945329453257663 0.0096677358218984835
4 4 0.25 11 3 2 1.5 1 -0.5 1 0.20941212387316246 0.00089221577455062982
4 4 0.25 12 0 3 0 1.5 0 -0.5 0.11141260193257516 0.00068667347542927977
4 4 0.25 13 1 3 0.5 1.5 0.5 -0.5 0.16626444876083363 0.00089754223724822246
4 4 0.25 14 2 3 1 1.5 1 -0.5 0.20972338534310361 0.0010228353220125177
4 4 0.25 15 3 3 1.5 1.5 -0.5 -0.5 0.16762721881250617 0.0012125266808149019
