# beta T replica_id seed nwarm nmeas nbin status
2 0.5 0 2026100201 0 2 2 ok
2 0.5 1 13713973362085635042 0 2 2 ok
2 0.5 2 13159935976052814869 0 2 2 ok
2 0.5 3 13079871674906688835 0 2 2 ok
2 0.5 4 4332487554405707098 0 2 2 ok
2 0.5 5 7286996814282213811 0 2 2 ok
2 0.5 6 14528158694633062176 0 2 2 ok
2 0.5 7 17843391811870267541 0 2 2 ok
2 0.5 8 7854480022588641211 0 2 2 ok
2 0.5 9 8901748464713517592 0 2 2 ok
2 0.5 10 14466486860776252365 0 2 2 ok
2 0.5 11 4489371500072100277 0 2 2 ok
2 0.5 12 3217665064300523056 0 2 2 ok
2 0.5 13 5439770000001082857 0 2 2 ok
2 0.5 14 1987200432186598790 0 2 2 ok
2 0.5 15 13512984650869104236 0 2 2 ok
4 0.25 0 2026101201 0 2 2 ok
4 0.25 1 2121818473395011035 0 2 2 ok
4 0.25 2 17782612752533864320 0 2 2 ok
4 0.25 3 5494244189750663387 0 2 2 ok
4 0.25 4 8276442167112321772 0 2 2 ok
4 0.25 5 12569794763414374096 0 2 2 ok
4 0.25 6 9189793896132605999 0 2 2 ok
4 0.25 7 2918768997406667546 0 2 2 ok
4 0.25 8 11873544555271254728 0 2 2 ok
4 0.25 9 8807102997225006009 0 2 2 ok
4 0.25 10 6668951446025896107 0 2 2 ok
4 0.25 11 3588731529764108798 0 2 2 ok
4 0.25 12 9014483162850749954 0 2 2 ok
4 0.25 13 10996851167842421939 0 2 2 ok
4 0.25 14 3595686785057514661 0 2 2 ok
4 0.25 15 6298529654180715933 0 2 2 ok
