# definition=Sperp(q)=N^-1 sum_ij exp[-iq.(ri-rj)] <Sxi Sxj + Syi Syj>
# ladder_definition=Sperp(q)=0.5*(S+-(q)+S-+(q)); Splus=Sx+iSy
# su2_relation=ensemble Sperp(q)=2*Szz(q) at any dtau for the current SU(2)-invariant model
# hs_caveat=individual spin-channel-HS samples select the z axis; equality is restored by ensemble averaging
# lattice=square Lx=4 Ly=4 n=16 pbc=1 t=-1 U=4 mu=2 dtau=0.050000000000000003
# sperp_q=all seed=1888874076266045188 parallel=serial nrep=1 bins=20 nbeta=1
# beta_requested beta T q_index mx my qx_over_pi qy_over_pi qx_folded_over_pi qy_folded_over_pi Sperp dSperp
16 16 0.0625 0 0 0 0 0 0 0 -0.0028408625267787022 0.023248623177797918
16 16 0.0625 1 1 0 0.5 0 0.5 0 0.20931033228768858 0.018191473494410755
16 16 0.0625 2 2 0 1 0 1 0 0.30390501205608572 0.022015297230521629
16 16 0.0625 3 3 0 1.5 0 -0.5 0 0.20931033228768858 0.018191473494410755
16 16 0.0625 4 0 1 0 0.5 0 0.5 0.20973809196498067 0.011497122780286896
16 16 0.0625 5 1 1 0.5 0.5 0.5 0.5 0.31992581720428592 0.010754552804682301
16 16 0.0625 6 2 1 1 0.5 1 0.5 0.40382736604971275 0.015140470096357253
16 16 0.0625 7 3 1 1.5 0.5 -0.5 0.5 0.31112418708561235 0.0074349428109962814
16 16 0.0625 8 0 2 0 1 0 1 0.35411311856108091 0.025843651798304071
16 16 0.0625 9 1 2 0.5 1 0.5 1 0.39880312825397252 0.016935880679191453
16 16 0.0625 10 2 2 1 1 1 1 1.7990504969201233 0.042302534597460251
16 16 0.0625 11 3 2 1.5 1 -0.5 1 0.39880312825397224 0.016935880679191495
16 16 0.0625 12 0 3 0 1.5 0 -0.5 0.20973809196498064 0.011497122780286882
16 16 0.0625 13 1 3 0.5 1.5 0.5 -0.5 0.3111241870856124 0.007434942810996251
16 16 0.0625 14 2 3 1 1.5 1 -0.5 0.40382736604971248 0.015140470096357276
16 16 0.0625 15 3 3 1.5 1.5 -0.5 -0.5 0.31992581720428614 0.010754552804682288
