# definition=Szz(q)=N^-1 sum_ij exp[-iq.(ri-rj)] <Szi Szj>
# spin_operator=Szi=(n_up-n_down)/2 factor3_applied=0
# lattice=square Lx=4 Ly=4 n=16 pbc=1 t=-1 U=4 mu=2 dtau=0.050000000000000003
# szz_q=all seed=1888874076266045188 parallel=serial nrep=1 bins=20 nbeta=1
# beta_requested beta T q_index mx my qx_over_pi qy_over_pi qx_folded_over_pi qy_folded_over_pi Szz dSzz
16 16 0.0625 0 0 0 0 0 0 0 0.0079232509404888064 0.0023254479205166473
16 16 0.0625 1 1 0 0.5 0 0.5 0 0.10645590996420443 0.0014004981298851504
16 16 0.0625 2 2 0 1 0 1 0 0.15614940104354127 0.0032072832688867111
16 16 0.0625 3 3 0 1.5 0 -0.5 0 0.1064559099642044 0.0014004981298851439
16 16 0.0625 4 0 1 0 0.5 0 0.5 0.10715530672960746 0.0013911736080514439
16 16 0.0625 5 1 1 0.5 0.5 0.5 0.5 0.15741293329050329 0.0023323235682603583
16 16 0.0625 6 2 1 1 0.5 1 0.5 0.20108419570437031 0.0019000827599596575
16 16 0.0625 7 3 1 1.5 0.5 -0.5 0.5 0.15640587958238364 0.0028564643520190389
16 16 0.0625 8 0 2 0 1 0 1 0.15687693017936 0.0023053841994257369
16 16 0.0625 9 1 2 0.5 1 0.5 1 0.20285555137642666 0.0019171719008427256
16 16 0.0625 10 2 2 1 1 1 1 0.89615366989312706 0.028470300741291057
16 16 0.0625 11 3 2 1.5 1 -0.5 1 0.20285555137642647 0.0019171719008427444
16 16 0.0625 12 0 3 0 1.5 0 -0.5 0.10715530672960745 0.0013911736080514344
16 16 0.0625 13 1 3 0.5 1.5 0.5 -0.5 0.15640587958238367 0.0028564643520190371
16 16 0.0625 14 2 3 1 1.5 1 -0.5 0.20108419570437014 0.0019000827599596711
16 16 0.0625 15 3 3 1.5 1.5 -0.5 -0.5 0.15741293329050346 0.0023323235682603596
