# definition=Sperp(q)=N^-1 sum_ij exp[-iq.(ri-rj)] <Sxi Sxj + Syi Syj>
# ladder_definition=Sperp(q)=0.5*(S+-(q)+S-+(q)); Splus=Sx+iSy
# su2_relation=ensemble Sperp(q)=2*Szz(q) at any dtau for the current SU(2)-invariant model
# hs_caveat=individual spin-channel-HS samples select the z axis; equality is restored by ensemble averaging
# lattice=square Lx=4 Ly=4 n=16 bc_x=antiperiodic bc_y=periodic t=-1 U=4 mu=2 dtau=0.050000000000000003
# sperp_q=all seed=14120150640275718461 parallel=serial nrep=1 bins=20 nbeta=1
# beta_requested beta T q_index mx my qx_over_pi qy_over_pi qx_folded_over_pi qy_folded_over_pi Sperp dSperp
16 16 0.0625 0 0 0 0 0 0 0 -0.0098593119968712513 0.0050599147645772925
16 16 0.0625 1 1 0 0.5 0 0.5 0 0.15693418097423079 0.0019120191077771987
16 16 0.0625 2 2 0 1 0 1 0 0.35519888624561047 0.0040431057763561252
16 16 0.0625 3 3 0 1.5 0 -0.5 0 0.15693418097423073 0.0019120191077771872
16 16 0.0625 4 0 1 0 0.5 0 0.5 0.30634732990512115 0.0047953864910876172
16 16 0.0625 5 1 1 0.5 0.5 0.5 0.5 0.30952560629600673 0.0020189582572899406
16 16 0.0625 6 2 1 1 0.5 1 0.5 0.31768733599283899 0.005105786230649007
16 16 0.0625 7 3 1 1.5 0.5 -0.5 0.5 0.31226188535103105 0.0021332716238448048
16 16 0.0625 8 0 2 0 1 0 1 0.26288216443323398 0.0057883872795694812
16 16 0.0625 9 1 2 0.5 1 0.5 1 0.51899745871602287 0.0029458406389644663
16 16 0.0625 10 2 2 1 1 1 1 1.2629611945329011 0.018420957436398738
16 16 0.0625 11 3 2 1.5 1 -0.5 1 0.51899745871602287 0.0029458406389644958
16 16 0.0625 12 0 3 0 1.5 0 -0.5 0.30634732990512109 0.0047953864910875955
16 16 0.0625 13 1 3 0.5 1.5 0.5 -0.5 0.31226188535103094 0.0021332716238448191
16 16 0.0625 14 2 3 1 1.5 1 -0.5 0.31768733599283877 0.0051057862306490183
16 16 0.0625 15 3 3 1.5 1.5 -0.5 -0.5 0.30952560629600689 0.0020189582572899037
