# definition=Szz(q)=N^-1 sum_ij exp[-iq.(ri-rj)] <Szi Szj>
# spin_operator=Szi=(n_up-n_down)/2 factor3_applied=0
# lattice=square Lx=4 Ly=4 n=16 bc_x=antiperiodic bc_y=periodic t=-1 U=4 mu=2 dtau=0.050000000000000003
# szz_q=all seed=14120150640275718461 parallel=serial nrep=1 bins=20 nbeta=1
# beta_requested beta T q_index mx my qx_over_pi qy_over_pi qx_folded_over_pi qy_folded_over_pi Szz dSzz
16 16 0.0625 0 0 0 0 0 0 0 1.8463530301174059e-07 1.6166932604042807e-07
16 16 0.0625 1 1 0 0.5 0 0.5 0 0.076464946206738521 0.00037077847328894546
16 16 0.0625 2 2 0 1 0 1 0 0.17089094669635241 0.00089452543479844504
16 16 0.0625 3 3 0 1.5 0 -0.5 0 0.076464946206738466 0.00037077847328894292
16 16 0.0625 4 0 1 0 0.5 0 0.5 0.15190536186761414 0.00081485907467279434
16 16 0.0625 5 1 1 0.5 0.5 0.5 0.5 0.15334458776294682 0.00084772858924124484
16 16 0.0625 6 2 1 1 0.5 1 0.5 0.15663321316085821 0.00060200512855203856
16 16 0.0625 7 3 1 1.5 0.5 -0.5 0.5 0.1534159524014512 0.00070277366917451491
16 16 0.0625 8 0 2 0 1 0 1 0.13730825448740588 0.00077388974734491245
16 16 0.0625 9 1 2 0.5 1 0.5 1 0.25698328410730831 0.0011056535160077936
16 16 0.0625 10 2 2 1 1 1 1 0.65165118700979341 0.0053423168946159106
16 16 0.0625 11 3 2 1.5 1 -0.5 1 0.2569832841073082 0.0011056535160077472
16 16 0.0625 12 0 3 0 1.5 0 -0.5 0.15190536186761411 0.00081485907467279965
16 16 0.0625 13 1 3 0.5 1.5 0.5 -0.5 0.15341595240145114 0.00070277366917451177
16 16 0.0625 14 2 3 1 1.5 1 -0.5 0.1566332131608581 0.0006020051285520327
16 16 0.0625 15 3 3 1.5 1.5 -0.5 -0.5 0.15334458776294688 0.00084772858924124104
