# definition=Sperp(q)=N^-1 sum_ij exp[-iq.(ri-rj)] <Sxi Sxj + Syi Syj>
# ladder_definition=Sperp(q)=0.5*(S+-(q)+S-+(q)); Splus=Sx+iSy
# su2_relation=ensemble Sperp(q)=2*Szz(q) at any dtau for the current SU(2)-invariant model
# hs_caveat=individual spin-channel-HS samples select the z axis; equality is restored by ensemble averaging
# lattice=square Lx=4 Ly=4 n=16 bc_x=antiperiodic bc_y=periodic t=-1 U=4 mu=2 dtau=0.025000000000000001
# sperp_q=all seed=15628009234340624715 parallel=serial nrep=1 bins=20 nbeta=1
# beta_requested beta T q_index mx my qx_over_pi qy_over_pi qx_folded_over_pi qy_folded_over_pi Sperp dSperp
16 16 0.0625 0 0 0 0 0 0 0 -0.0022131072948432416 0.0096812232190518922
16 16 0.0625 1 1 0 0.5 0 0.5 0 0.15683544591217827 0.004168275411580811
16 16 0.0625 2 2 0 1 0 1 0 0.33826768080019248 0.0067071069584892767
16 16 0.0625 3 3 0 1.5 0 -0.5 0 0.15683544591217821 0.0041682754115808423
16 16 0.0625 4 0 1 0 0.5 0 0.5 0.31060814629297712 0.0028780745942120589
16 16 0.0625 5 1 1 0.5 0.5 0.5 0.5 0.30948312672551631 0.0030223059755305785
16 16 0.0625 6 2 1 1 0.5 1 0.5 0.31234027718572899 0.0030575851081363283
16 16 0.0625 7 3 1 1.5 0.5 -0.5 0.5 0.3070108243228491 0.003183003992964826
16 16 0.0625 8 0 2 0 1 0 1 0.28073037648303995 0.0083483796785815429
16 16 0.0625 9 1 2 0.5 1 0.5 1 0.51383632340325913 0.0043416696121496949
16 16 0.0625 10 2 2 1 1 1 1 1.2619528944277101 0.014702124027763655
16 16 0.0625 11 3 2 1.5 1 -0.5 1 0.51383632340325902 0.0043416696121496125
16 16 0.0625 12 0 3 0 1.5 0 -0.5 0.31060814629297701 0.0028780745942120277
16 16 0.0625 13 1 3 0.5 1.5 0.5 -0.5 0.30701082432284887 0.0031830039929647701
16 16 0.0625 14 2 3 1 1.5 1 -0.5 0.31234027718572877 0.0030575851081363309
16 16 0.0625 15 3 3 1.5 1.5 -0.5 -0.5 0.30948312672551648 0.0030223059755305542
