# definition=Szz(q)=N^-1 sum_ij exp[-iq.(ri-rj)] <Szi Szj>
# spin_operator=Szi=(n_up-n_down)/2 factor3_applied=0
# lattice=square Lx=4 Ly=4 n=16 bc_x=antiperiodic bc_y=periodic t=-1 U=4 mu=2 dtau=0.025000000000000001
# szz_q=all seed=15628009234340624715 parallel=serial nrep=1 bins=20 nbeta=1
# beta_requested beta T q_index mx my qx_over_pi qy_over_pi qx_folded_over_pi qy_folded_over_pi Szz dSzz
16 16 0.0625 0 0 0 0 0 0 0 1.2539655846810264e-05 1.2442166601009729e-05
16 16 0.0625 1 1 0 0.5 0 0.5 0 0.076026270812038457 0.00039049739101465784
16 16 0.0625 2 2 0 1 0 1 0 0.16963657010981104 0.0010312195528218431
16 16 0.0625 3 3 0 1.5 0 -0.5 0 0.076026270812038416 0.00039049739101465377
16 16 0.0625 4 0 1 0 0.5 0 0.5 0.15431072546746719 0.00074106114548357061
16 16 0.0625 5 1 1 0.5 0.5 0.5 0.5 0.15290006662229186 0.00059001093334287236
16 16 0.0625 6 2 1 1 0.5 1 0.5 0.15667796998751324 0.00086840487353813292
16 16 0.0625 7 3 1 1.5 0.5 -0.5 0.5 0.15282612656405808 0.00081593084632264215
16 16 0.0625 8 0 2 0 1 0 1 0.13895687956332975 0.00057874215636821138
16 16 0.0625 9 1 2 0.5 1 0.5 1 0.25967255174762827 0.0013998033585218039
16 16 0.0625 10 2 2 1 1 1 1 0.63604965431957639 0.004992617372681008
16 16 0.0625 11 3 2 1.5 1 -0.5 1 0.25967255174762827 0.0013998033585217861
16 16 0.0625 12 0 3 0 1.5 0 -0.5 0.15431072546746713 0.00074106114548355532
16 16 0.0625 13 1 3 0.5 1.5 0.5 -0.5 0.15282612656405803 0.00081593084632264172
16 16 0.0625 14 2 3 1 1.5 1 -0.5 0.1566779699875131 0.00086840487353814408
16 16 0.0625 15 3 3 1.5 1.5 -0.5 -0.5 0.15290006662229191 0.00059001093334288711
