# definition=Sperp(q)=N^-1 sum_ij exp[-iq.(ri-rj)] <Sxi Sxj + Syi Syj>
# ladder_definition=Sperp(q)=0.5*(S+-(q)+S-+(q)); Splus=Sx+iSy
# su2_relation=ensemble Sperp(q)=2*Szz(q) at any dtau for the current SU(2)-invariant model
# hs_caveat=individual spin-channel-HS samples select the z axis; equality is restored by ensemble averaging
# lattice=square Lx=4 Ly=4 n=16 pbc=1 t=-1 U=4 mu=2 dtau=0.10000000000000001
# sperp_q=all seed=5060231017710924075 parallel=serial nrep=1 bins=20 nbeta=1
# beta_requested beta T q_index mx my qx_over_pi qy_over_pi qx_folded_over_pi qy_folded_over_pi Sperp dSperp
8 8 0.125 0 0 0 0 0 0 0 0.096855911738408837 0.041569814496102427
8 8 0.125 1 1 0 0.5 0 0.5 0 0.19228356810699609 0.014299119854307953
8 8 0.125 2 2 0 1 0 1 0 0.32833622232662418 0.013222885975876059
8 8 0.125 3 3 0 1.5 0 -0.5 0 0.19228356810699609 0.014299119854307955
8 8 0.125 4 0 1 0 0.5 0 0.5 0.19839312447915822 0.021961102722364154
8 8 0.125 5 1 1 0.5 0.5 0.5 0.5 0.31981320707423394 0.0068938710797386404
8 8 0.125 6 2 1 1 0.5 1 0.5 0.40210448662006648 0.02548907203594521
8 8 0.125 7 3 1 1.5 0.5 -0.5 0.5 0.33872289591378774 0.026275425830796714
8 8 0.125 8 0 2 0 1 0 1 0.34628722780090693 0.011195087107119629
8 8 0.125 9 1 2 0.5 1 0.5 1 0.40288769510516309 0.014155349268699375
8 8 0.125 10 2 2 1 1 1 1 1.6934756818389449 0.051578925802950017
8 8 0.125 11 3 2 1.5 1 -0.5 1 0.40288769510516254 0.014155349268699401
8 8 0.125 12 0 3 0 1.5 0 -0.5 0.19839312447915822 0.021961102722364154
8 8 0.125 13 1 3 0.5 1.5 0.5 -0.5 0.33872289591378768 0.026275425830796683
8 8 0.125 14 2 3 1 1.5 1 -0.5 0.4021044866200662 0.025489072035945293
8 8 0.125 15 3 3 1.5 1.5 -0.5 -0.5 0.31981320707423411 0.0068938710797386317
