# definition=Szz(q)=N^-1 sum_ij exp[-iq.(ri-rj)] <Szi Szj>
# spin_operator=Szi=(n_up-n_down)/2 factor3_applied=0
# lattice=square Lx=4 Ly=4 n=16 pbc=1 t=-1 U=4 mu=2 dtau=0.10000000000000001
# szz_q=all seed=5060231017710924075 parallel=serial nrep=1 bins=20 nbeta=1
# beta_requested beta T q_index mx my qx_over_pi qy_over_pi qx_folded_over_pi qy_folded_over_pi Szz dSzz
8 8 0.125 0 0 0 0 0 0 0 0.026998442833878707 0.0016953936779570101
8 8 0.125 1 1 0 0.5 0 0.5 0 0.10610136253839826 0.00092336885869642889
8 8 0.125 2 2 0 1 0 1 0 0.15947929378373366 0.0019573691558330492
8 8 0.125 3 3 0 1.5 0 -0.5 0 0.10610136253839826 0.00092336885869642846
8 8 0.125 4 0 1 0 0.5 0 0.5 0.10645331634584028 0.0010206101602273161
8 8 0.125 5 1 1 0.5 0.5 0.5 0.5 0.16032847878285783 0.0014357166839269026
8 8 0.125 6 2 1 1 0.5 1 0.5 0.20264274084101977 0.0018054927120003429
8 8 0.125 7 3 1 1.5 0.5 -0.5 0.5 0.15893717865944043 0.001910270959098091
8 8 0.125 8 0 2 0 1 0 1 0.16110888307686183 0.0019565955292312927
8 8 0.125 9 1 2 0.5 1 0.5 1 0.20234433502348259 0.0012781966482507468
8 8 0.125 10 2 2 1 1 1 1 0.86548105507529471 0.015822051787904141
8 8 0.125 11 3 2 1.5 1 -0.5 1 0.20234433502348245 0.0012781966482507585
8 8 0.125 12 0 3 0 1.5 0 -0.5 0.10645331634584028 0.0010206101602273014
8 8 0.125 13 1 3 0.5 1.5 0.5 -0.5 0.15893717865944043 0.0019102709590980843
8 8 0.125 14 2 3 1 1.5 1 -0.5 0.20264274084101955 0.001805492712000349
8 8 0.125 15 3 3 1.5 1.5 -0.5 -0.5 0.160328478782858 0.0014357166839269037
