# definition=Sperp(q)=N^-1 sum_ij exp[-iq.(ri-rj)] <Sxi Sxj + Syi Syj>
# ladder_definition=Sperp(q)=0.5*(S+-(q)+S-+(q)); Splus=Sx+iSy
# su2_relation=ensemble Sperp(q)=2*Szz(q) at any dtau for the current SU(2)-invariant model
# hs_caveat=individual spin-channel-HS samples select the z axis; equality is restored by ensemble averaging
# lattice=square Lx=4 Ly=4 n=16 bc_x=antiperiodic bc_y=periodic t=-1 U=4 mu=2 dtau=0.10000000000000001
# sperp_q=all seed=4000346385732975098 parallel=serial nrep=1 bins=20 nbeta=1
# beta_requested beta T q_index mx my qx_over_pi qy_over_pi qx_folded_over_pi qy_folded_over_pi Sperp dSperp
4 4 0.25 0 0 0 0 0 0 0 0.03430385634304238 0.0050193240932314837
4 4 0.25 1 1 0 0.5 0 0.5 0 0.18336976831309851 0.0030669226563183006
4 4 0.25 2 2 0 1 0 1 0 0.3691437701849859 0.0052932996625752746
4 4 0.25 3 3 0 1.5 0 -0.5 0 0.18336976831309842 0.0030669226563182946
4 4 0.25 4 0 1 0 0.5 0 0.5 0.27732606641588936 0.0045999242769714918
4 4 0.25 5 1 1 0.5 0.5 0.5 0.5 0.31819334237754143 0.0034116565511862311
4 4 0.25 6 2 1 1 0.5 1 0.5 0.36639254332824711 0.0045252590865777764
4 4 0.25 7 3 1 1.5 0.5 -0.5 0.5 0.32208498556038562 0.0027155538835894272
4 4 0.25 8 0 2 0 1 0 1 0.26590786538127414 0.0038001326266416014
4 4 0.25 9 1 2 0.5 1 0.5 1 0.48657042761569047 0.0030965779210149441
4 4 0.25 10 2 2 1 1 1 1 1.1887383698344496 0.013605669632152083
4 4 0.25 11 3 2 1.5 1 -0.5 1 0.48657042761569025 0.0030965779210149103
4 4 0.25 12 0 3 0 1.5 0 -0.5 0.27732606641588931 0.0045999242769715325
4 4 0.25 13 1 3 0.5 1.5 0.5 -0.5 0.32208498556038556 0.0027155538835894389
4 4 0.25 14 2 3 1 1.5 1 -0.5 0.36639254332824689 0.0045252590865777764
4 4 0.25 15 3 3 1.5 1.5 -0.5 -0.5 0.31819334237754154 0.0034116565511862211
