# definition=Szz(q)=N^-1 sum_ij exp[-iq.(ri-rj)] <Szi Szj>
# spin_operator=Szi=(n_up-n_down)/2 factor3_applied=0
# lattice=square Lx=4 Ly=4 n=16 bc_x=antiperiodic bc_y=periodic t=-1 U=4 mu=2 dtau=0.10000000000000001
# szz_q=all seed=4000346385732975098 parallel=serial nrep=1 bins=20 nbeta=1
# beta_requested beta T q_index mx my qx_over_pi qy_over_pi qx_folded_over_pi qy_folded_over_pi Szz dSzz
4 4 0.25 0 0 0 0 0 0 0 0.020294684804823021 0.00042141135567020385
4 4 0.25 1 1 0 0.5 0 0.5 0 0.093092426025136926 0.00050719732902373721
4 4 0.25 2 2 0 1 0 1 0 0.18305494909835793 0.0011247235549699097
4 4 0.25 3 3 0 1.5 0 -0.5 0 0.093092426025136912 0.00050719732902374643
4 4 0.25 4 0 1 0 0.5 0 0.5 0.13924929508602463 0.00076348885167646199
4 4 0.25 5 1 1 0.5 0.5 0.5 0.5 0.15971622743117203 0.00068415099186468664
4 4 0.25 6 2 1 1 0.5 1 0.5 0.18054562114179781 0.0010280459532969505
4 4 0.25 7 3 1 1.5 0.5 -0.5 0.5 0.15858766122860365 0.0005748055055493673
4 4 0.25 8 0 2 0 1 0 1 0.13076353839334265 0.00067464411857884083
4 4 0.25 9 1 2 0.5 1 0.5 1 0.24646513805956 0.0012600509443660216
4 4 0.25 10 2 2 1 1 1 1 0.59355815424161507 0.0073733675119479515
4 4 0.25 11 3 2 1.5 1 -0.5 1 0.24646513805955994 0.0012600509443659997
4 4 0.25 12 0 3 0 1.5 0 -0.5 0.1392492950860246 0.00076348885167646394
4 4 0.25 13 1 3 0.5 1.5 0.5 -0.5 0.1585876612286036 0.00057480550554935429
4 4 0.25 14 2 3 1 1.5 1 -0.5 0.18054562114179773 0.0010280459532969594
4 4 0.25 15 3 3 1.5 1.5 -0.5 -0.5 0.15971622743117203 0.00068415099186468968
