# definition=Sperp(q)=N^-1 sum_ij exp[-iq.(ri-rj)] <Sxi Sxj + Syi Syj>
# ladder_definition=Sperp(q)=0.5*(S+-(q)+S-+(q)); Splus=Sx+iSy
# su2_relation=ensemble Sperp(q)=2*Szz(q) at any dtau for the current SU(2)-invariant model
# hs_caveat=individual spin-channel-HS samples select the z axis; equality is restored by ensemble averaging
# lattice=square Lx=4 Ly=4 n=16 pbc=1 t=-1 U=4 mu=2 dtau=0.050000000000000003
# sperp_q=all seed=7541357446772540881 parallel=serial nrep=1 bins=20 nbeta=1
# beta_requested beta T q_index mx my qx_over_pi qy_over_pi qx_folded_over_pi qy_folded_over_pi Sperp dSperp
4 4 0.25 0 0 0 0 0 0 0 0.1313456678369315 0.0056382072859123226
4 4 0.25 1 1 0 0.5 0 0.5 0 0.22991140865957033 0.0044481329796170832
4 4 0.25 2 2 0 1 0 1 0 0.34073123538376765 0.0075565753936269265
4 4 0.25 3 3 0 1.5 0 -0.5 0 0.22991140865957033 0.0044481329796170876
4 4 0.25 4 0 1 0 0.5 0 0.5 0.21608865274791489 0.0050789908607472185
4 4 0.25 5 1 1 0.5 0.5 0.5 0.5 0.33897325259160216 0.0067716799761590365
4 4 0.25 6 2 1 1 0.5 1 0.5 0.41917571544525367 0.0046918467193509464
4 4 0.25 7 3 1 1.5 0.5 -0.5 0.5 0.34056965412355295 0.0060769273609603642
4 4 0.25 8 0 2 0 1 0 1 0.32131778699829894 0.0089818781959846994
4 4 0.25 9 1 2 0.5 1 0.5 1 0.41995306043477798 0.0043279770111328475
4 4 0.25 10 2 2 1 1 1 1 1.2715193976674053 0.015434815944658731
4 4 0.25 11 3 2 1.5 1 -0.5 1 0.41995306043477793 0.0043279770111328691
4 4 0.25 12 0 3 0 1.5 0 -0.5 0.21608865274791481 0.0050789908607472168
4 4 0.25 13 1 3 0.5 1.5 0.5 -0.5 0.34056965412355289 0.0060769273609603469
4 4 0.25 14 2 3 1 1.5 1 -0.5 0.41917571544525351 0.0046918467193509481
4 4 0.25 15 3 3 1.5 1.5 -0.5 -0.5 0.33897325259160233 0.0067716799761591033
