# definition=Szz(q)=N^-1 sum_ij exp[-iq.(ri-rj)] <Szi Szj>
# spin_operator=Szi=(n_up-n_down)/2 factor3_applied=0
# lattice=square Lx=4 Ly=4 n=16 pbc=1 t=-1 U=4 mu=2 dtau=0.050000000000000003
# szz_q=all seed=7541357446772540881 parallel=serial nrep=1 bins=20 nbeta=1
# beta_requested beta T q_index mx my qx_over_pi qy_over_pi qx_folded_over_pi qy_folded_over_pi Szz dSzz
4 4 0.25 0 0 0 0 0 0 0 0.062195554067042323 0.0010670966948544839
4 4 0.25 1 1 0 0.5 0 0.5 0 0.11165160605596806 0.00077496868015323724
4 4 0.25 2 2 0 1 0 1 0 0.16777853507430546 0.0011127800356395927
4 4 0.25 3 3 0 1.5 0 -0.5 0 0.11165160605596802 0.00077496868015324222
4 4 0.25 4 0 1 0 0.5 0 0.5 0.11091391925299247 0.00066611121322595159
4 4 0.25 5 1 1 0.5 0.5 0.5 0.5 0.16893994590544273 0.001343371406636155
4 4 0.25 6 2 1 1 0.5 1 0.5 0.20989482806665166 0.0010655357611137244
4 4 0.25 7 3 1 1.5 0.5 -0.5 0.5 0.16902027534638722 0.0010807739715794492
4 4 0.25 8 0 2 0 1 0 1 0.16876296407350605 0.001012635961248481
4 4 0.25 9 1 2 0.5 1 0.5 1 0.20756611583037388 0.00098817549357833184
4 4 0.25 10 2 2 1 1 1 1 0.64241835381538848 0.010125966895438834
4 4 0.25 11 3 2 1.5 1 -0.5 1 0.20756611583037379 0.00098817549357832967
4 4 0.25 12 0 3 0 1.5 0 -0.5 0.11091391925299247 0.00066611121322595799
4 4 0.25 13 1 3 0.5 1.5 0.5 -0.5 0.16902027534638725 0.0010807739715794674
4 4 0.25 14 2 3 1 1.5 1 -0.5 0.20989482806665158 0.0010655357611137404
4 4 0.25 15 3 3 1.5 1.5 -0.5 -0.5 0.16893994590544276 0.001343371406636161
