# definition=Sperp(q)=N^-1 sum_ij exp[-iq.(ri-rj)] <Sxi Sxj + Syi Syj>
# ladder_definition=Sperp(q)=0.5*(S+-(q)+S-+(q)); Splus=Sx+iSy
# su2_relation=ensemble Sperp(q)=2*Szz(q) at any dtau for the current SU(2)-invariant model
# hs_caveat=individual spin-channel-HS samples select the z axis; equality is restored by ensemble averaging
# lattice=square Lx=4 Ly=4 n=16 bc_x=antiperiodic bc_y=periodic t=-1 U=4 mu=2 dtau=0.025000000000000001
# sperp_q=all seed=6040465081985720546 parallel=serial nrep=1 bins=20 nbeta=1
# beta_requested beta T q_index mx my qx_over_pi qy_over_pi qx_folded_over_pi qy_folded_over_pi Sperp dSperp
8 8 0.125 0 0 0 0 0 0 0 0.0062826621071143162 0.0049036704567300632
8 8 0.125 1 1 0 0.5 0 0.5 0 0.15243403172697217 0.0039536697284091246
8 8 0.125 2 2 0 1 0 1 0 0.35353508249207144 0.0047751043887025836
8 8 0.125 3 3 0 1.5 0 -0.5 0 0.15243403172697212 0.0039536697284091185
8 8 0.125 4 0 1 0 0.5 0 0.5 0.30099573982349453 0.0048995568533978656
8 8 0.125 5 1 1 0.5 0.5 0.5 0.5 0.31140396949396898 0.0020819530766391934
8 8 0.125 6 2 1 1 0.5 1 0.5 0.32079323471815724 0.0038339370538835937
8 8 0.125 7 3 1 1.5 0.5 -0.5 0.5 0.30332752316811079 0.005946128029124793
8 8 0.125 8 0 2 0 1 0 1 0.27854937340539404 0.0050122692569794557
8 8 0.125 9 1 2 0.5 1 0.5 1 0.5114656786503472 0.0042889250870499687
8 8 0.125 10 2 2 1 1 1 1 1.2705318072498302 0.0153131829831627
8 8 0.125 11 3 2 1.5 1 -0.5 1 0.51146567865034709 0.0042889250870499556
8 8 0.125 12 0 3 0 1.5 0 -0.5 0.30099573982349453 0.0048995568533978656
8 8 0.125 13 1 3 0.5 1.5 0.5 -0.5 0.30332752316811062 0.0059461280291248147
8 8 0.125 14 2 3 1 1.5 1 -0.5 0.32079323471815707 0.0038339370538836141
8 8 0.125 15 3 3 1.5 1.5 -0.5 -0.5 0.31140396949396909 0.002081953076639238
