# definition=Szz(q)=N^-1 sum_ij exp[-iq.(ri-rj)] <Szi Szj>
# spin_operator=Szi=(n_up-n_down)/2 factor3_applied=0
# lattice=square Lx=4 Ly=4 n=16 bc_x=antiperiodic bc_y=periodic t=-1 U=4 mu=2 dtau=0.025000000000000001
# szz_q=all seed=6040465081985720546 parallel=serial nrep=1 bins=20 nbeta=1
# beta_requested beta T q_index mx my qx_over_pi qy_over_pi qx_folded_over_pi qy_folded_over_pi Szz dSzz
8 8 0.125 0 0 0 0 0 0 0 0.002240662992955608 0.00022754023906958065
8 8 0.125 1 1 0 0.5 0 0.5 0 0.078252701434433483 0.00050202712821214635
8 8 0.125 2 2 0 1 0 1 0 0.17072685797664972 0.0012825175293959062
8 8 0.125 3 3 0 1.5 0 -0.5 0 0.078252701434433455 0.0005020271282121482
8 8 0.125 4 0 1 0 0.5 0 0.5 0.15135102604798228 0.00069637849810253805
8 8 0.125 5 1 1 0.5 0.5 0.5 0.5 0.15400518712572889 0.00059851546237424825
8 8 0.125 6 2 1 1 0.5 1 0.5 0.15815959554611977 0.00090745723385907725
8 8 0.125 7 3 1 1.5 0.5 -0.5 0.5 0.15343857748118878 0.00084011132293000201
8 8 0.125 8 0 2 0 1 0 1 0.13781884184311954 0.00057553927798650742
8 8 0.125 9 1 2 0.5 1 0.5 1 0.25623880583384867 0.00067123122793363735
8 8 0.125 10 2 2 1 1 1 1 0.64119149045692725 0.0053642978894440693
8 8 0.125 11 3 2 1.5 1 -0.5 1 0.25623880583384862 0.00067123122793364906
8 8 0.125 12 0 3 0 1.5 0 -0.5 0.15135102604798228 0.00069637849810254596
8 8 0.125 13 1 3 0.5 1.5 0.5 -0.5 0.15343857748118875 0.00084011132293000039
8 8 0.125 14 2 3 1 1.5 1 -0.5 0.15815959554611969 0.00090745723385907769
8 8 0.125 15 3 3 1.5 1.5 -0.5 -0.5 0.15400518712572897 0.00059851546237425866
