# definition=Sperp(q)=N^-1 sum_ij exp[-iq.(ri-rj)] <Sxi Sxj + Syi Syj>
# ladder_definition=Sperp(q)=0.5*(S+-(q)+S-+(q)); Splus=Sx+iSy
# su2_relation=ensemble Sperp(q)=2*Szz(q) at any dtau for the current SU(2)-invariant model
# hs_caveat=individual spin-channel-HS samples select the z axis; equality is restored by ensemble averaging
# lattice=square Lx=4 Ly=4 n=16 bc_x=antiperiodic bc_y=periodic t=-1 U=4 mu=2 dtau=0.050000000000000003
# sperp_q=all seed=13827579510352260762 parallel=serial nrep=1 bins=20 nbeta=1
# beta_requested beta T q_index mx my qx_over_pi qy_over_pi qx_folded_over_pi qy_folded_over_pi Sperp dSperp
16 16 0.0625 0 0 0 0 0 0 0 0.010398382080135122 0.009243075069438899
16 16 0.0625 1 1 0 0.5 0 0.5 0 0.14844195330792298 0.0026986984336930956
16 16 0.0625 2 2 0 1 0 1 0 0.34135669100811505 0.0060909805774677743
16 16 0.0625 3 3 0 1.5 0 -0.5 0 0.14844195330792287 0.0026986984336930977
16 16 0.0625 4 0 1 0 0.5 0 0.5 0.30322558238098923 0.0058481354893876259
16 16 0.0625 5 1 1 0.5 0.5 0.5 0.5 0.30496916571759863 0.0061407526057101341
16 16 0.0625 6 2 1 1 0.5 1 0.5 0.31968299518472409 0.0038356550734432344
16 16 0.0625 7 3 1 1.5 0.5 -0.5 0.5 0.30800386072841618 0.004935546843632105
16 16 0.0625 8 0 2 0 1 0 1 0.27825749132283789 0.0048898869012773735
16 16 0.0625 9 1 2 0.5 1 0.5 1 0.52056353087883633 0.0032173922157527034
16 16 0.0625 10 2 2 1 1 1 1 1.2726393037865669 0.015098726430558771
16 16 0.0625 11 3 2 1.5 1 -0.5 1 0.52056353087883611 0.0032173922157526886
16 16 0.0625 12 0 3 0 1.5 0 -0.5 0.30322558238098918 0.0058481354893876085
16 16 0.0625 13 1 3 0.5 1.5 0.5 -0.5 0.30800386072841612 0.0049355468436321241
16 16 0.0625 14 2 3 1 1.5 1 -0.5 0.31968299518472387 0.0038356550734432154
16 16 0.0625 15 3 3 1.5 1.5 -0.5 -0.5 0.30496916571759874 0.0061407526057101723
