# definition=Szz(q)=N^-1 sum_ij exp[-iq.(ri-rj)] <Szi Szj>
# spin_operator=Szi=(n_up-n_down)/2 factor3_applied=0
# lattice=square Lx=4 Ly=4 n=16 bc_x=antiperiodic bc_y=periodic t=-1 U=4 mu=2 dtau=0.050000000000000003
# szz_q=all seed=13827579510352260762 parallel=serial nrep=1 bins=20 nbeta=1
# beta_requested beta T q_index mx my qx_over_pi qy_over_pi qx_folded_over_pi qy_folded_over_pi Szz dSzz
16 16 0.0625 0 0 0 0 0 0 0 1.1754889193995649e-06 8.5734879565080676e-07
16 16 0.0625 1 1 0 0.5 0 0.5 0 0.076733099008874081 0.00064912791083357858
16 16 0.0625 2 2 0 1 0 1 0 0.17143546930724698 0.0012447702232942395
16 16 0.0625 3 3 0 1.5 0 -0.5 0 0.076733099008874067 0.00064912791083357446
16 16 0.0625 4 0 1 0 0.5 0 0.5 0.1515570151847605 0.00081021865501649788
16 16 0.0625 5 1 1 0.5 0.5 0.5 0.5 0.1540838761655155 0.00074957295407683761
16 16 0.0625 6 2 1 1 0.5 1 0.5 0.1568578490440406 0.00092766270338138276
16 16 0.0625 7 3 1 1.5 0.5 -0.5 0.5 0.15375804313953928 0.00060294339929507291
16 16 0.0625 8 0 2 0 1 0 1 0.13902617081980906 0.00070190729093595045
16 16 0.0625 9 1 2 0.5 1 0.5 1 0.25758724090693941 0.001318957046335646
16 16 0.0625 10 2 2 1 1 1 1 0.64459595978200102 0.0073738211401696381
16 16 0.0625 11 3 2 1.5 1 -0.5 1 0.25758724090693924 0.0013189570463356583
16 16 0.0625 12 0 3 0 1.5 0 -0.5 0.15155701518476047 0.00081021865501648747
16 16 0.0625 13 1 3 0.5 1.5 0.5 -0.5 0.1537580431395392 0.00060294339929508559
16 16 0.0625 14 2 3 1 1.5 1 -0.5 0.15685784904404038 0.00092766270338140206
16 16 0.0625 15 3 3 1.5 1.5 -0.5 -0.5 0.15408387616551558 0.00074957295407682633
