# definition=Sperp(q)=N^-1 sum_ij exp[-iq.(ri-rj)] <Sxi Sxj + Syi Syj>
# ladder_definition=Sperp(q)=0.5*(S+-(q)+S-+(q)); Splus=Sx+iSy
# su2_relation=ensemble Sperp(q)=2*Szz(q) at any dtau for the current SU(2)-invariant model
# hs_caveat=individual spin-channel-HS samples select the z axis; equality is restored by ensemble averaging
# lattice=square Lx=4 Ly=4 n=16 bc_x=antiperiodic bc_y=periodic t=-1 U=4 mu=2 dtau=0.050000000000000003
# sperp_q=all seed=7541357446772540881 parallel=serial nrep=1 bins=20 nbeta=1
# beta_requested beta T q_index mx my qx_over_pi qy_over_pi qx_folded_over_pi qy_folded_over_pi Sperp dSperp
4 4 0.25 0 0 0 0 0 0 0 0.041508899032470715 0.0052368421110932425
4 4 0.25 1 1 0 0.5 0 0.5 0 0.18665711889034567 0.0017235621825010732
4 4 0.25 2 2 0 1 0 1 0 0.36502294945886815 0.0060510767785482309
4 4 0.25 3 3 0 1.5 0 -0.5 0 0.18665711889034561 0.001723562182501081
4 4 0.25 4 0 1 0 0.5 0 0.5 0.27875875186785848 0.0020651086580670986
4 4 0.25 5 1 1 0.5 0.5 0.5 0.5 0.31929538511138295 0.004179089231645919
4 4 0.25 6 2 1 1 0.5 1 0.5 0.35935126262259992 0.002533844584525935
4 4 0.25 7 3 1 1.5 0.5 -0.5 0.5 0.31715359036837149 0.0038124417163970512
4 4 0.25 8 0 2 0 1 0 1 0.24703230098422363 0.0084904858039133897
4 4 0.25 9 1 2 0.5 1 0.5 1 0.48720044951779579 0.0024281889204729483
4 4 0.25 10 2 2 1 1 1 1 1.1738119978755783 0.014833972131276395
4 4 0.25 11 3 2 1.5 1 -0.5 1 0.48720044951779562 0.0024281889204729326
4 4 0.25 12 0 3 0 1.5 0 -0.5 0.27875875186785842 0.0020651086580670669
4 4 0.25 13 1 3 0.5 1.5 0.5 -0.5 0.31715359036837143 0.0038124417163970335
4 4 0.25 14 2 3 1 1.5 1 -0.5 0.3593512626225997 0.0025338445845259558
4 4 0.25 15 3 3 1.5 1.5 -0.5 -0.5 0.31929538511138311 0.0041790892316458965
