# definition=Szz(q)=N^-1 sum_ij exp[-iq.(ri-rj)] <Szi Szj>
# spin_operator=Szi=(n_up-n_down)/2 factor3_applied=0
# lattice=square Lx=4 Ly=4 n=16 bc_x=antiperiodic bc_y=periodic t=-1 U=4 mu=2 dtau=0.050000000000000003
# szz_q=all seed=7541357446772540881 parallel=serial nrep=1 bins=20 nbeta=1
# beta_requested beta T q_index mx my qx_over_pi qy_over_pi qx_folded_over_pi qy_folded_over_pi Szz dSzz
4 4 0.25 0 0 0 0 0 0 0 0.020407544573284562 0.00035631741852684435
4 4 0.25 1 1 0 0.5 0 0.5 0 0.093229761254322391 0.00050691200438035544
4 4 0.25 2 2 0 1 0 1 0 0.18547990149609678 0.00090273021743058474
4 4 0.25 3 3 0 1.5 0 -0.5 0 0.093229761254322363 0.00050691200438036628
4 4 0.25 4 0 1 0 0.5 0 0.5 0.13929738050063567 0.00086201026837246387
4 4 0.25 5 1 1 0.5 0.5 0.5 0.5 0.1578205097720074 0.0006325234127210062
4 4 0.25 6 2 1 1 0.5 1 0.5 0.18037761530730734 0.00072647918277058798
4 4 0.25 7 3 1 1.5 0.5 -0.5 0.5 0.15847256273075055 0.00081787076078503062
4 4 0.25 8 0 2 0 1 0 1 0.13032577770968362 0.00052824396361350709
4 4 0.25 9 1 2 0.5 1 0.5 1 0.243983594496851 0.0012035308518246613
4 4 0.25 10 2 2 1 1 1 1 0.57952856015111132 0.0056749838978316673
4 4 0.25 11 3 2 1.5 1 -0.5 1 0.24398359449685092 0.0012035308518246373
4 4 0.25 12 0 3 0 1.5 0 -0.5 0.13929738050063567 0.00086201026837246387
4 4 0.25 13 1 3 0.5 1.5 0.5 -0.5 0.15847256273075053 0.0008178707607850561
4 4 0.25 14 2 3 1 1.5 1 -0.5 0.18037761530730725 0.00072647918277059481
4 4 0.25 15 3 3 1.5 1.5 -0.5 -0.5 0.15782050977200751 0.00063252341272101108
