# definition=Sperp(q)=N^-1 sum_ij exp[-iq.(ri-rj)] <Sxi Sxj + Syi Syj>
# ladder_definition=Sperp(q)=0.5*(S+-(q)+S-+(q)); Splus=Sx+iSy
# su2_relation=ensemble Sperp(q)=2*Szz(q) at any dtau for the current SU(2)-invariant model
# hs_caveat=individual spin-channel-HS samples select the z axis; equality is restored by ensemble averaging
# lattice=square Lx=4 Ly=4 n=16 bc_x=antiperiodic bc_y=periodic t=-1 U=4 mu=2 dtau=0.025000000000000001
# sperp_q=all seed=8962212171324766089 parallel=serial nrep=1 bins=20 nbeta=1
# beta_requested beta T q_index mx my qx_over_pi qy_over_pi qx_folded_over_pi qy_folded_over_pi Sperp dSperp
8 8 0.125 0 0 0 0 0 0 0 0.00066407857267386636 0.0059811358436107154
8 8 0.125 1 1 0 0.5 0 0.5 0 0.15580939725274012 0.0037091945936087714
8 8 0.125 2 2 0 1 0 1 0 0.34727594571836518 0.0028935142355373538
8 8 0.125 3 3 0 1.5 0 -0.5 0 0.15580939725274007 0.0037091945936087566
8 8 0.125 4 0 1 0 0.5 0 0.5 0.30910123089575547 0.0031475918901199165
8 8 0.125 5 1 1 0.5 0.5 0.5 0.5 0.30762181552809131 0.0029481455746367159
8 8 0.125 6 2 1 1 0.5 1 0.5 0.31949629925141021 0.0037932604214362445
8 8 0.125 7 3 1 1.5 0.5 -0.5 0.5 0.30504814232265737 0.0027004839671265538
8 8 0.125 8 0 2 0 1 0 1 0.28085700493933952 0.0040289175205858634
8 8 0.125 9 1 2 0.5 1 0.5 1 0.51168715938668097 0.004125683950474671
8 8 0.125 10 2 2 1 1 1 1 1.2545197244077746 0.0086864355962833553
8 8 0.125 11 3 2 1.5 1 -0.5 1 0.51168715938668086 0.0041256839504747716
8 8 0.125 12 0 3 0 1.5 0 -0.5 0.30910123089575536 0.0031475918901199304
8 8 0.125 13 1 3 0.5 1.5 0.5 -0.5 0.30504814232265731 0.002700483967126549
8 8 0.125 14 2 3 1 1.5 1 -0.5 0.31949629925140993 0.0037932604214362215
8 8 0.125 15 3 3 1.5 1.5 -0.5 -0.5 0.30762181552809154 0.0029481455746367419
