# definition=Szz(q)=N^-1 sum_ij exp[-iq.(ri-rj)] <Szi Szj>
# spin_operator=Szi=(n_up-n_down)/2 factor3_applied=0
# lattice=square Lx=4 Ly=4 n=16 bc_x=antiperiodic bc_y=periodic t=-1 U=4 mu=2 dtau=0.025000000000000001
# szz_q=all seed=8962212171324766089 parallel=serial nrep=1 bins=20 nbeta=1
# beta_requested beta T q_index mx my qx_over_pi qy_over_pi qx_folded_over_pi qy_folded_over_pi Szz dSzz
8 8 0.125 0 0 0 0 0 0 0 0.0019013269511755043 0.00023878310252871949
8 8 0.125 1 1 0 0.5 0 0.5 0 0.078032901636435892 0.00043379745784551246
8 8 0.125 2 2 0 1 0 1 0 0.17089402275271298 0.0011168694908223131
8 8 0.125 3 3 0 1.5 0 -0.5 0 0.078032901636435878 0.00043379745784551392
8 8 0.125 4 0 1 0 0.5 0 0.5 0.15242069054088994 0.0010158606766507425
8 8 0.125 5 1 1 0.5 0.5 0.5 0.5 0.15383118622443478 0.00075332415058423138
8 8 0.125 6 2 1 1 0.5 1 0.5 0.15828228387081497 0.00083812644098700474
8 8 0.125 7 3 1 1.5 0.5 -0.5 0.5 0.15515309072168262 0.00069499606846751369
8 8 0.125 8 0 2 0 1 0 1 0.13850037224300854 0.00088046181467190212
8 8 0.125 9 1 2 0.5 1 0.5 1 0.2566243132753136 0.0013859950464647102
8 8 0.125 10 2 2 1 1 1 1 0.63043776697037235 0.0063381350963809431
8 8 0.125 11 3 2 1.5 1 -0.5 1 0.2566243132753136 0.0013859950464647102
8 8 0.125 12 0 3 0 1.5 0 -0.5 0.15242069054088991 0.0010158606766507621
8 8 0.125 13 1 3 0.5 1.5 0.5 -0.5 0.1551530907216826 0.00069499606846749515
8 8 0.125 14 2 3 1 1.5 1 -0.5 0.15828228387081489 0.0008381264409869874
8 8 0.125 15 3 3 1.5 1.5 -0.5 -0.5 0.15383118622443487 0.00075332415058423138
