# definition=Sperp(q)=N^-1 sum_ij exp[-iq.(ri-rj)] <Sxi Sxj + Syi Syj>
# ladder_definition=Sperp(q)=0.5*(S+-(q)+S-+(q)); Splus=Sx+iSy
# su2_relation=ensemble Sperp(q)=2*Szz(q) at any dtau for the current SU(2)-invariant model
# hs_caveat=individual spin-channel-HS samples select the z axis; equality is restored by ensemble averaging
# lattice=square Lx=4 Ly=4 n=16 bc_x=antiperiodic bc_y=periodic t=-1 U=4 mu=2 dtau=0.10000000000000001
# sperp_q=all seed=419422924609538775 parallel=serial nrep=1 bins=20 nbeta=1
# beta_requested beta T q_index mx my qx_over_pi qy_over_pi qx_folded_over_pi qy_folded_over_pi Sperp dSperp
16 16 0.0625 0 0 0 0 0 0 0 0.0064140025780378375 0.0052765120601563241
16 16 0.0625 1 1 0 0.5 0 0.5 0 0.15462463634663157 0.0029008085024258999
16 16 0.0625 2 2 0 1 0 1 0 0.33661089699611074 0.0049262707818119407
16 16 0.0625 3 3 0 1.5 0 -0.5 0 0.15462463634663154 0.0029008085024259007
16 16 0.0625 4 0 1 0 0.5 0 0.5 0.30867976201948155 0.0041385957917866659
16 16 0.0625 5 1 1 0.5 0.5 0.5 0.5 0.31740482115794155 0.0042261739881607318
16 16 0.0625 6 2 1 1 0.5 1 0.5 0.31492452851833341 0.0028316953180884193
16 16 0.0625 7 3 1 1.5 0.5 -0.5 0.5 0.30119212188595024 0.0041420885757643229
16 16 0.0625 8 0 2 0 1 0 1 0.27808861661477779 0.0044095420342195723
16 16 0.0625 9 1 2 0.5 1 0.5 1 0.52397405557559062 0.003410744100628439
16 16 0.0625 10 2 2 1 1 1 1 1.2829455775670531 0.011394345888571328
16 16 0.0625 11 3 2 1.5 1 -0.5 1 0.52397405557559051 0.0034107441006283857
16 16 0.0625 12 0 3 0 1.5 0 -0.5 0.3086797620194815 0.0041385957917866754
16 16 0.0625 13 1 3 0.5 1.5 0.5 -0.5 0.30119212188595007 0.0041420885757643229
16 16 0.0625 14 2 3 1 1.5 1 -0.5 0.31492452851833319 0.0028316953180884011
16 16 0.0625 15 3 3 1.5 1.5 -0.5 -0.5 0.31740482115794166 0.0042261739881607275
