# definition=Szz(q)=N^-1 sum_ij exp[-iq.(ri-rj)] <Szi Szj>
# spin_operator=Szi=(n_up-n_down)/2 factor3_applied=0
# lattice=square Lx=4 Ly=4 n=16 bc_x=antiperiodic bc_y=periodic t=-1 U=4 mu=2 dtau=0.10000000000000001
# szz_q=all seed=419422924609538775 parallel=serial nrep=1 bins=20 nbeta=1
# beta_requested beta T q_index mx my qx_over_pi qy_over_pi qx_folded_over_pi qy_folded_over_pi Szz dSzz
16 16 0.0625 0 0 0 0 0 0 0 0.00021947084490412928 0.00017369363323827472
16 16 0.0625 1 1 0 0.5 0 0.5 0 0.076014800953816103 0.000480296075980713
16 16 0.0625 2 2 0 1 0 1 0 0.17193169551304358 0.0010619909781487251
16 16 0.0625 3 3 0 1.5 0 -0.5 0 0.076014800953816061 0.00048029607598072292
16 16 0.0625 4 0 1 0 0.5 0 0.5 0.15352387915020324 0.00075165913432901407
16 16 0.0625 5 1 1 0.5 0.5 0.5 0.5 0.15558967949369515 0.00056433690228718683
16 16 0.0625 6 2 1 1 0.5 1 0.5 0.15889838823942984 0.00087106219769089439
16 16 0.0625 7 3 1 1.5 0.5 -0.5 0.5 0.15375703582947264 0.00071456620859091768
16 16 0.0625 8 0 2 0 1 0 1 0.13901781978163391 0.00084424550752892121
16 16 0.0625 9 1 2 0.5 1 0.5 1 0.25974924169398705 0.0012929060279285121
16 16 0.0625 10 2 2 1 1 1 1 0.64659443552112839 0.0057241422711314686
16 16 0.0625 11 3 2 1.5 1 -0.5 1 0.25974924169398694 0.0012929060279284999
16 16 0.0625 12 0 3 0 1.5 0 -0.5 0.15352387915020324 0.00075165913432901407
16 16 0.0625 13 1 3 0.5 1.5 0.5 -0.5 0.15375703582947259 0.0007145662085909205
16 16 0.0625 14 2 3 1 1.5 1 -0.5 0.15889838823942964 0.00087106219769090556
16 16 0.0625 15 3 3 1.5 1.5 -0.5 -0.5 0.1555896794936952 0.00056433690228717946
