# definition=Sperp(q)=N^-1 sum_ij exp[-iq.(ri-rj)] <Sxi Sxj + Syi Syj>
# ladder_definition=Sperp(q)=0.5*(S+-(q)+S-+(q)); Splus=Sx+iSy
# su2_relation=ensemble Sperp(q)=2*Szz(q) at any dtau for the current SU(2)-invariant model
# hs_caveat=individual spin-channel-HS samples select the z axis; equality is restored by ensemble averaging
# lattice=square Lx=4 Ly=4 n=16 pbc=1 t=-1 U=4 mu=2 dtau=0.10000000000000001
# sperp_q=all seed=4000346385732975098 parallel=serial nrep=1 bins=20 nbeta=1
# beta_requested beta T q_index mx my qx_over_pi qy_over_pi qx_folded_over_pi qy_folded_over_pi Sperp dSperp
4 4 0.25 0 0 0 0 0 0 0 0.14208520936112701 0.0056062407955694109
4 4 0.25 1 1 0 0.5 0 0.5 0 0.22058574670323439 0.0043733366094239386
4 4 0.25 2 2 0 1 0 1 0 0.33532255140965472 0.0058518712287861313
4 4 0.25 3 3 0 1.5 0 -0.5 0 0.22058574670323433 0.004373336609423936
4 4 0.25 4 0 1 0 0.5 0 0.5 0.22025146371589899 0.0037840001271766538
4 4 0.25 5 1 1 0.5 0.5 0.5 0.5 0.34682133693548395 0.0048109548965695522
4 4 0.25 6 2 1 1 0.5 1 0.5 0.42028084691429113 0.0043355919055217979
4 4 0.25 7 3 1 1.5 0.5 -0.5 0.5 0.3377521063953291 0.0054800083441049093
4 4 0.25 8 0 2 0 1 0 1 0.33875610839844106 0.0061120326626772246
4 4 0.25 9 1 2 0.5 1 0.5 1 0.42047299235525759 0.0040770867537656113
4 4 0.25 10 2 2 1 1 1 1 1.2824637939447434 0.017419676745304698
4 4 0.25 11 3 2 1.5 1 -0.5 1 0.42047299235525742 0.0040770867537656243
4 4 0.25 12 0 3 0 1.5 0 -0.5 0.22025146371589893 0.0037840001271766538
4 4 0.25 13 1 3 0.5 1.5 0.5 -0.5 0.3377521063953291 0.0054800083441049093
4 4 0.25 14 2 3 1 1.5 1 -0.5 0.42028084691429096 0.0043355919055217962
4 4 0.25 15 3 3 1.5 1.5 -0.5 -0.5 0.34682133693548395 0.0048109548965695401
