# definition=Szz(q)=N^-1 sum_ij exp[-iq.(ri-rj)] <Szi Szj>
# spin_operator=Szi=(n_up-n_down)/2 factor3_applied=0
# lattice=square Lx=4 Ly=4 n=16 pbc=1 t=-1 U=4 mu=2 dtau=0.10000000000000001
# szz_q=all seed=4000346385732975098 parallel=serial nrep=1 bins=20 nbeta=1
# beta_requested beta T q_index mx my qx_over_pi qy_over_pi qx_folded_over_pi qy_folded_over_pi Szz dSzz
4 4 0.25 0 0 0 0 0 0 0 0.061667945913151591 0.00096069909658855104
4 4 0.25 1 1 0 0.5 0 0.5 0 0.11092241208127682 0.00046194631861232465
4 4 0.25 2 2 0 1 0 1 0 0.1706015178940157 0.0014144392135795479
4 4 0.25 3 3 0 1.5 0 -0.5 0 0.1109224120812768 0.00046194631861231651
4 4 0.25 4 0 1 0 0.5 0 0.5 0.11117553532141478 0.0005414487652683187
4 4 0.25 5 1 1 0.5 0.5 0.5 0.5 0.16856365400329626 0.00087383783759701261
4 4 0.25 6 2 1 1 0.5 1 0.5 0.20875595183178181 0.00071668073504832269
4 4 0.25 7 3 1 1.5 0.5 -0.5 0.5 0.16913850671223418 0.0010318788369503926
4 4 0.25 8 0 2 0 1 0 1 0.16800041173135355 0.0013626910044228062
4 4 0.25 9 1 2 0.5 1 0.5 1 0.21108614357542016 0.0010791547749450354
4 4 0.25 10 2 2 1 1 1 1 0.6559240419871093 0.007145878068593816
4 4 0.25 11 3 2 1.5 1 -0.5 1 0.21108614357542005 0.0010791547749450492
4 4 0.25 12 0 3 0 1.5 0 -0.5 0.11117553532141475 0.00054144876526833062
4 4 0.25 13 1 3 0.5 1.5 0.5 -0.5 0.16913850671223415 0.0010318788369504015
4 4 0.25 14 2 3 1 1.5 1 -0.5 0.20875595183178172 0.00071668073504831033
4 4 0.25 15 3 3 1.5 1.5 -0.5 -0.5 0.16856365400329634 0.00087383783759701413
