# definition=Sperp(q)=N^-1 sum_ij exp[-iq.(ri-rj)] <Sxi Sxj + Syi Syj>
# ladder_definition=Sperp(q)=0.5*(S+-(q)+S-+(q)); Splus=Sx+iSy
# su2_relation=ensemble Sperp(q)=2*Szz(q) at any dtau for the current SU(2)-invariant model
# hs_caveat=individual spin-channel-HS samples select the z axis; equality is restored by ensemble averaging
# lattice=square Lx=4 Ly=4 n=16 pbc=1 t=-1 U=4 mu=2 dtau=0.050000000000000003
# sperp_q=all seed=1453800944945509802 parallel=serial nrep=1 bins=20 nbeta=1
# beta_requested beta T q_index mx my qx_over_pi qy_over_pi qx_folded_over_pi qy_folded_over_pi Sperp dSperp
8 8 0.125 0 0 0 0 0 0 0 0.065880645341920924 0.011295555789994532
8 8 0.125 1 1 0 0.5 0 0.5 0 0.19597382407054495 0.010437068153405829
8 8 0.125 2 2 0 1 0 1 0 0.34568962173253481 0.019457936597067564
8 8 0.125 3 3 0 1.5 0 -0.5 0 0.19597382407054492 0.01043706815340582
8 8 0.125 4 0 1 0 0.5 0 0.5 0.20812070961884177 0.011105686627248564
8 8 0.125 5 1 1 0.5 0.5 0.5 0.5 0.30908311587704179 0.014693890316534465
8 8 0.125 6 2 1 1 0.5 1 0.5 0.38951925953309996 0.011761080935466739
8 8 0.125 7 3 1 1.5 0.5 -0.5 0.5 0.32790079231352875 0.012392936105313081
8 8 0.125 8 0 2 0 1 0 1 0.32815151736559106 0.014794788807585849
8 8 0.125 9 1 2 0.5 1 0.5 1 0.40005518051575828 0.011240740255634801
8 8 0.125 10 2 2 1 1 1 1 1.7398818489504577 0.046216908303127649
8 8 0.125 11 3 2 1.5 1 -0.5 1 0.40005518051575795 0.011240740255634792
8 8 0.125 12 0 3 0 1.5 0 -0.5 0.20812070961884171 0.011105686627248557
8 8 0.125 13 1 3 0.5 1.5 0.5 -0.5 0.32790079231352875 0.012392936105313081
8 8 0.125 14 2 3 1 1.5 1 -0.5 0.38951925953309963 0.011761080935466732
8 8 0.125 15 3 3 1.5 1.5 -0.5 -0.5 0.30908311587704201 0.014693890316534512
