# definition=Szz(q)=N^-1 sum_ij exp[-iq.(ri-rj)] <Szi Szj>
# spin_operator=Szi=(n_up-n_down)/2 factor3_applied=0
# lattice=square Lx=4 Ly=4 n=16 pbc=1 t=-1 U=4 mu=2 dtau=0.050000000000000003
# szz_q=all seed=1453800944945509802 parallel=serial nrep=1 bins=20 nbeta=1
# beta_requested beta T q_index mx my qx_over_pi qy_over_pi qx_folded_over_pi qy_folded_over_pi Szz dSzz
8 8 0.125 0 0 0 0 0 0 0 0.031533099998020508 0.0019119163732519348
8 8 0.125 1 1 0 0.5 0 0.5 0 0.10843260981055421 0.0012321850067985802
8 8 0.125 2 2 0 1 0 1 0 0.16078421326745579 0.0023523292990280365
8 8 0.125 3 3 0 1.5 0 -0.5 0 0.10843260981055421 0.0012321850067985732
8 8 0.125 4 0 1 0 0.5 0 0.5 0.1094961823771915 0.0010877134534244344
8 8 0.125 5 1 1 0.5 0.5 0.5 0.5 0.16167052577360277 0.0018231717273727622
8 8 0.125 6 2 1 1 0.5 1 0.5 0.20432411103795406 0.0016312840584957488
8 8 0.125 7 3 1 1.5 0.5 -0.5 0.5 0.16160182222990863 0.0021591346324853831
8 8 0.125 8 0 2 0 1 0 1 0.16394682159850427 0.0023576065945314383
8 8 0.125 9 1 2 0.5 1 0.5 1 0.20699966892172483 0.0018466305929454557
8 8 0.125 10 2 2 1 1 1 1 0.80914072345821564 0.021771240983991715
8 8 0.125 11 3 2 1.5 1 -0.5 1 0.20699966892172469 0.001846630592945475
8 8 0.125 12 0 3 0 1.5 0 -0.5 0.1094961823771915 0.0010877134534244344
8 8 0.125 13 1 3 0.5 1.5 0.5 -0.5 0.16160182222990863 0.0021591346324853805
8 8 0.125 14 2 3 1 1.5 1 -0.5 0.20432411103795395 0.0016312840584957586
8 8 0.125 15 3 3 1.5 1.5 -0.5 -0.5 0.16167052577360291 0.001823171727372746
