# definition=Sperp(q)=N^-1 sum_ij exp[-iq.(ri-rj)] <Sxi Sxj + Syi Syj>
# ladder_definition=Sperp(q)=0.5*(S+-(q)+S-+(q)); Splus=Sx+iSy
# su2_relation=ensemble Sperp(q)=2*Szz(q) at any dtau for the current SU(2)-invariant model
# hs_caveat=individual spin-channel-HS samples select the z axis; equality is restored by ensemble averaging
# lattice=square Lx=4 Ly=4 n=16 bc_x=antiperiodic bc_y=periodic t=-1 U=4 mu=2 dtau=0.050000000000000003
# sperp_q=all seed=5669516359073308044 parallel=serial nrep=1 bins=20 nbeta=1
# beta_requested beta T q_index mx my qx_over_pi qy_over_pi qx_folded_over_pi qy_folded_over_pi Sperp dSperp
8 8 0.125 0 0 0 0 0 0 0 0.0059072059180660897 0.0073113992473252945
8 8 0.125 1 1 0 0.5 0 0.5 0 0.15495958691747011 0.0046227277443515674
8 8 0.125 2 2 0 1 0 1 0 0.34858091447346068 0.005855971163654509
8 8 0.125 3 3 0 1.5 0 -0.5 0 0.15495958691747008 0.0046227277443515605
8 8 0.125 4 0 1 0 0.5 0 0.5 0.30617198197587264 0.0045788023454472592
8 8 0.125 5 1 1 0.5 0.5 0.5 0.5 0.30294723857370359 0.0061203519454697403
8 8 0.125 6 2 1 1 0.5 1 0.5 0.31157077759927959 0.0048201086231458275
8 8 0.125 7 3 1 1.5 0.5 -0.5 0.5 0.31382309392383279 0.0046692896642281951
8 8 0.125 8 0 2 0 1 0 1 0.27413704253344473 0.0065433687182455862
8 8 0.125 9 1 2 0.5 1 0.5 1 0.51314633595087122 0.0046596364993058423
8 8 0.125 10 2 2 1 1 1 1 1.2818735923102487 0.013587276859913082
8 8 0.125 11 3 2 1.5 1 -0.5 1 0.51314633595087111 0.0046596364993058224
8 8 0.125 12 0 3 0 1.5 0 -0.5 0.30617198197587248 0.0045788023454472445
8 8 0.125 13 1 3 0.5 1.5 0.5 -0.5 0.31382309392383273 0.0046692896642282185
8 8 0.125 14 2 3 1 1.5 1 -0.5 0.31157077759927931 0.0048201086231458709
8 8 0.125 15 3 3 1.5 1.5 -0.5 -0.5 0.3029472385737037 0.0061203519454697342
