# definition=Szz(q)=N^-1 sum_ij exp[-iq.(ri-rj)] <Szi Szj>
# spin_operator=Szi=(n_up-n_down)/2 factor3_applied=0
# lattice=square Lx=4 Ly=4 n=16 bc_x=antiperiodic bc_y=periodic t=-1 U=4 mu=2 dtau=0.050000000000000003
# szz_q=all seed=5669516359073308044 parallel=serial nrep=1 bins=20 nbeta=1
# beta_requested beta T q_index mx my qx_over_pi qy_over_pi qx_folded_over_pi qy_folded_over_pi Szz dSzz
8 8 0.125 0 0 0 0 0 0 0 0.002057784647320145 0.00016692529855113551
8 8 0.125 1 1 0 0.5 0 0.5 0 0.078406702244079404 0.00038180708873237237
8 8 0.125 2 2 0 1 0 1 0 0.17252207854226898 0.00066395451710458205
8 8 0.125 3 3 0 1.5 0 -0.5 0 0.07840670224407939 0.00038180708873236999
8 8 0.125 4 0 1 0 0.5 0 0.5 0.1512564327593641 0.00069963388176099578
8 8 0.125 5 1 1 0.5 0.5 0.5 0.5 0.1552755751402369 0.00059701419497750592
8 8 0.125 6 2 1 1 0.5 1 0.5 0.15940102703617612 0.00090173391281224609
8 8 0.125 7 3 1 1.5 0.5 -0.5 0.5 0.1537152770548616 0.00087751078826138387
8 8 0.125 8 0 2 0 1 0 1 0.13741136824873884 0.00048446378935306606
8 8 0.125 9 1 2 0.5 1 0.5 1 0.2586483702581367 0.0013519324454357089
8 8 0.125 10 2 2 1 1 1 1 0.63247039213460243 0.0045058042228339487
8 8 0.125 11 3 2 1.5 1 -0.5 1 0.25864837025813658 0.001351932445435711
8 8 0.125 12 0 3 0 1.5 0 -0.5 0.15125643275936401 0.00069963388176101844
8 8 0.125 13 1 3 0.5 1.5 0.5 -0.5 0.15371527705486149 0.00087751078826134408
8 8 0.125 14 2 3 1 1.5 1 -0.5 0.15940102703617601 0.00090173391281225606
8 8 0.125 15 3 3 1.5 1.5 -0.5 -0.5 0.15527557514023696 0.00059701419497750483
