# definition=Sperp(q)=N^-1 sum_ij exp[-iq.(ri-rj)] <Sxi Sxj + Syi Syj>
# ladder_definition=Sperp(q)=0.5*(S+-(q)+S-+(q)); Splus=Sx+iSy
# su2_relation=ensemble Sperp(q)=2*Szz(q) at any dtau for the current SU(2)-invariant model
# hs_caveat=individual spin-channel-HS samples select the z axis; equality is restored by ensemble averaging
# lattice=square Lx=4 Ly=4 n=16 bc_x=antiperiodic bc_y=periodic t=-1 U=4 mu=2 dtau=0.025000000000000001
# sperp_q=all seed=8072976573779384887 parallel=serial nrep=1 bins=20 nbeta=1
# beta_requested beta T q_index mx my qx_over_pi qy_over_pi qx_folded_over_pi qy_folded_over_pi Sperp dSperp
4 4 0.25 0 0 0 0 0 0 0 0.035117517316867311 0.0038097147587550675
4 4 0.25 1 1 0 0.5 0 0.5 0 0.18849870956748721 0.00190279899324481
4 4 0.25 2 2 0 1 0 1 0 0.36988208599064587 0.0044214350479748745
4 4 0.25 3 3 0 1.5 0 -0.5 0 0.18849870956748715 0.0019027989932447933
4 4 0.25 4 0 1 0 0.5 0 0.5 0.28422972940533675 0.0031521317528114402
4 4 0.25 5 1 1 0.5 0.5 0.5 0.5 0.31627770414171097 0.0022257405634268168
4 4 0.25 6 2 1 1 0.5 1 0.5 0.35854219876100568 0.0039688592015368488
4 4 0.25 7 3 1 1.5 0.5 -0.5 0.5 0.31598346184075765 0.0025206290511748239
4 4 0.25 8 0 2 0 1 0 1 0.25825195832107462 0.003710528767531742
4 4 0.25 9 1 2 0.5 1 0.5 1 0.48889408228576842 0.0025136760889443725
4 4 0.25 10 2 2 1 1 1 1 1.1448755877542296 0.0057690634137027548
4 4 0.25 11 3 2 1.5 1 -0.5 1 0.48889408228576831 0.002513676088944298
4 4 0.25 12 0 3 0 1.5 0 -0.5 0.28422972940533675 0.0031521317528114402
4 4 0.25 13 1 3 0.5 1.5 0.5 -0.5 0.31598346184075754 0.002520629051174836
4 4 0.25 14 2 3 1 1.5 1 -0.5 0.35854219876100546 0.003968859201536821
4 4 0.25 15 3 3 1.5 1.5 -0.5 -0.5 0.31627770414171102 0.0022257405634268455
