# definition=Szz(q)=N^-1 sum_ij exp[-iq.(ri-rj)] <Szi Szj>
# spin_operator=Szi=(n_up-n_down)/2 factor3_applied=0
# lattice=square Lx=4 Ly=4 n=16 bc_x=antiperiodic bc_y=periodic t=-1 U=4 mu=2 dtau=0.025000000000000001
# szz_q=all seed=8072976573779384887 parallel=serial nrep=1 bins=20 nbeta=1
# beta_requested beta T q_index mx my qx_over_pi qy_over_pi qx_folded_over_pi qy_folded_over_pi Szz dSzz
4 4 0.25 0 0 0 0 0 0 0 0.021145092557172947 0.00028048424302679466
4 4 0.25 1 1 0 0.5 0 0.5 0 0.093463129643059875 0.00033499266425809357
4 4 0.25 2 2 0 1 0 1 0 0.18432943794749673 0.0010107095337473489
4 4 0.25 3 3 0 1.5 0 -0.5 0 0.093463129643059847 0.00033499266425809487
4 4 0.25 4 0 1 0 0.5 0 0.5 0.13846591838360545 0.00054700973282028221
4 4 0.25 5 1 1 0.5 0.5 0.5 0.5 0.15882746512319251 0.00077516174252854561
4 4 0.25 6 2 1 1 0.5 1 0.5 0.17999700895889423 0.0010832955663185467
4 4 0.25 7 3 1 1.5 0.5 -0.5 0.5 0.15772393072150706 0.00057444372576094538
4 4 0.25 8 0 2 0 1 0 1 0.13082169452845652 0.00054894682742568106
4 4 0.25 9 1 2 0.5 1 0.5 1 0.24314457394222946 0.0013252642941558989
4 4 0.25 10 2 2 1 1 1 1 0.57694918211537194 0.0043483972044846917
4 4 0.25 11 3 2 1.5 1 -0.5 1 0.24314457394222946 0.0013252642941558996
4 4 0.25 12 0 3 0 1.5 0 -0.5 0.13846591838360542 0.00054700973282027158
4 4 0.25 13 1 3 0.5 1.5 0.5 -0.5 0.15772393072150703 0.00057444372576092488
4 4 0.25 14 2 3 1 1.5 1 -0.5 0.17999700895889414 0.0010832955663185534
4 4 0.25 15 3 3 1.5 1.5 -0.5 -0.5 0.15882746512319257 0.00077516174252853639
