# definition=Szz(q)=N^-1 sum_ij exp[-iq.(ri-rj)] <Szi Szj>
# spin_operator=Szi=(n_up-n_down)/2 factor3_applied=0
# lattice=square Lx=4 Ly=4 n=16 pbc=1 t=-1 U=4 mu=2 dtau=0.10000000000000001
# szz_q=all seed=14801403179829933817 parallel=serial nrep=1 bins=20 nbeta=1
# beta_requested beta T q_index mx my qx_over_pi qy_over_pi qx_folded_over_pi qy_folded_over_pi Szz dSzz
4 4 0.25 0 0 0 0 0 0 0 0.060685443840938921 0.0010494071191523506
4 4 0.25 1 1 0 0.5 0 0.5 0 0.11152108551629984 0.000590803243196215
4 4 0.25 2 2 0 1 0 1 0 0.16770509445503079 0.0013128369950035593
4 4 0.25 3 3 0 1.5 0 -0.5 0 0.11152108551629984 0.00059080324319621131
4 4 0.25 4 0 1 0 0.5 0 0.5 0.11117303103500942 0.00066620598077430043
4 4 0.25 5 1 1 0.5 0.5 0.5 0.5 0.1704392930200464 0.0013763110176139319
4 4 0.25 6 2 1 1 0.5 1 0.5 0.20938179778170696 0.0011551517335466862
4 4 0.25 7 3 1 1.5 0.5 -0.5 0.5 0.16867162972424932 0.0010209712328403185
4 4 0.25 8 0 2 0 1 0 1 0.16812258580454148 0.0013912748224605381
4 4 0.25 9 1 2 0.5 1 0.5 1 0.20945483164109949 0.0012726827429378079
4 4 0.25 10 2 2 1 1 1 1 0.65860191254247358 0.010108842284029258
4 4 0.25 11 3 2 1.5 1 -0.5 1 0.20945483164109935 0.0012726827429378306
4 4 0.25 12 0 3 0 1.5 0 -0.5 0.11117303103500942 0.00066620598077429187
4 4 0.25 13 1 3 0.5 1.5 0.5 -0.5 0.16867162972424932 0.0010209712328403293
4 4 0.25 14 2 3 1 1.5 1 -0.5 0.20938179778170668 0.0011551517335466961
4 4 0.25 15 3 3 1.5 1.5 -0.5 -0.5 0.17043929302004648 0.0013763110176139414
