# definition=Sperp(q)=N^-1 sum_ij exp[-iq.(ri-rj)] <Sxi Sxj + Syi Syj>
# ladder_definition=Sperp(q)=0.5*(S+-(q)+S-+(q)); Splus=Sx+iSy
# su2_relation=ensemble Sperp(q)=2*Szz(q) at any dtau for the current SU(2)-invariant model
# hs_caveat=individual spin-channel-HS samples select the z axis; equality is restored by ensemble averaging
# lattice=square Lx=4 Ly=4 n=16 pbc=1 t=-1 U=4 mu=2 dtau=0.050000000000000003
# sperp_q=all seed=5669516359073308044 parallel=serial nrep=1 bins=20 nbeta=1
# beta_requested beta T q_index mx my qx_over_pi qy_over_pi qx_folded_over_pi qy_folded_over_pi Sperp dSperp
8 8 0.125 0 0 0 0 0 0 0 -0.013723371741337633 0.055195039996274557
8 8 0.125 1 1 0 0.5 0 0.5 0 0.20217408081048224 0.017981611670159832
8 8 0.125 2 2 0 1 0 1 0 0.29387187320960534 0.020599915997344571
8 8 0.125 3 3 0 1.5 0 -0.5 0 0.20217408081048216 0.017981611670159822
8 8 0.125 4 0 1 0 0.5 0 0.5 0.19577113051712269 0.016398157128660239
8 8 0.125 5 1 1 0.5 0.5 0.5 0.5 0.30261319859042973 0.010453938418967836
8 8 0.125 6 2 1 1 0.5 1 0.5 0.40524397173834836 0.014986799704828465
8 8 0.125 7 3 1 1.5 0.5 -0.5 0.5 0.31828548090267328 0.0098084302027724654
8 8 0.125 8 0 2 0 1 0 1 0.3419430179397297 0.022229988609410237
8 8 0.125 9 1 2 0.5 1 0.5 1 0.43260582113997109 0.021105254377558891
8 8 0.125 10 2 2 1 1 1 1 1.8136557735390721 0.074080616783132394
8 8 0.125 11 3 2 1.5 1 -0.5 1 0.4326058211399707 0.021105254377558887
8 8 0.125 12 0 3 0 1.5 0 -0.5 0.19577113051712264 0.016398157128660242
8 8 0.125 13 1 3 0.5 1.5 0.5 -0.5 0.31828548090267333 0.0098084302027724394
8 8 0.125 14 2 3 1 1.5 1 -0.5 0.40524397173834803 0.014986799704828489
8 8 0.125 15 3 3 1.5 1.5 -0.5 -0.5 0.30261319859043001 0.010453938418967837
