# definition=Szz(q)=N^-1 sum_ij exp[-iq.(ri-rj)] <Szi Szj>
# spin_operator=Szi=(n_up-n_down)/2 factor3_applied=0
# lattice=square Lx=4 Ly=4 n=16 pbc=1 t=-1 U=4 mu=2 dtau=0.050000000000000003
# szz_q=all seed=5669516359073308044 parallel=serial nrep=1 bins=20 nbeta=1
# beta_requested beta T q_index mx my qx_over_pi qy_over_pi qx_folded_over_pi qy_folded_over_pi Szz dSzz
8 8 0.125 0 0 0 0 0 0 0 0.026983683921274343 0.0018366001025346868
8 8 0.125 1 1 0 0.5 0 0.5 0 0.10604905714195353 0.0011361682742340729
8 8 0.125 2 2 0 1 0 1 0 0.15804103916762136 0.002078744052795658
8 8 0.125 3 3 0 1.5 0 -0.5 0 0.10604905714195352 0.0011361682742340765
8 8 0.125 4 0 1 0 0.5 0 0.5 0.1076005596879315 0.001238524698825675
8 8 0.125 5 1 1 0.5 0.5 0.5 0.5 0.16001402236777382 0.001892895122904769
8 8 0.125 6 2 1 1 0.5 1 0.5 0.2008626206337206 0.0018663638204268085
8 8 0.125 7 3 1 1.5 0.5 -0.5 0.5 0.15856247671671331 0.0023238862722250384
8 8 0.125 8 0 2 0 1 0 1 0.15745099700060863 0.0023598393520586022
8 8 0.125 9 1 2 0.5 1 0.5 1 0.20297643476346408 0.0019859336959969416
8 8 0.125 10 2 2 1 1 1 1 0.85996126745994439 0.02318202144110643
8 8 0.125 11 3 2 1.5 1 -0.5 1 0.20297643476346389 0.0019859336959969351
8 8 0.125 12 0 3 0 1.5 0 -0.5 0.10760055968793147 0.0012385246988256698
8 8 0.125 13 1 3 0.5 1.5 0.5 -0.5 0.15856247671671331 0.0023238862722250392
8 8 0.125 14 2 3 1 1.5 1 -0.5 0.20086262063372037 0.001866363820426797
8 8 0.125 15 3 3 1.5 1.5 -0.5 -0.5 0.16001402236777398 0.0018928951229047917
