# definition=Sperp(q)=N^-1 sum_ij exp[-iq.(ri-rj)] <Sxi Sxj + Syi Syj>
# ladder_definition=Sperp(q)=0.5*(S+-(q)+S-+(q)); Splus=Sx+iSy
# su2_relation=ensemble Sperp(q)=2*Szz(q) at any dtau for the current SU(2)-invariant model
# hs_caveat=individual spin-channel-HS samples select the z axis; equality is restored by ensemble averaging
# lattice=square Lx=4 Ly=4 n=16 pbc=1 t=-1 U=4 mu=2 dtau=0.025000000000000001
# sperp_q=all seed=9462151184122787927 parallel=serial nrep=1 bins=20 nbeta=1
# beta_requested beta T q_index mx my qx_over_pi qy_over_pi qx_folded_over_pi qy_folded_over_pi Sperp dSperp
8 8 0.125 0 0 0 0 0 0 0 -0.16643786421195003 0.24560455938975626
8 8 0.125 1 1 0 0.5 0 0.5 0 0.25068621183991646 0.035218250129401829
8 8 0.125 2 2 0 1 0 1 0 0.34282284271692864 0.040389820285827056
8 8 0.125 3 3 0 1.5 0 -0.5 0 0.25068621183991635 0.035218250129401774
8 8 0.125 4 0 1 0 0.5 0 0.5 0.19872989454366607 0.010539278662326306
8 8 0.125 5 1 1 0.5 0.5 0.5 0.5 0.31713687205091795 0.013264420220245987
8 8 0.125 6 2 1 1 0.5 1 0.5 0.39905561428066361 0.020708965676688028
8 8 0.125 7 3 1 1.5 0.5 -0.5 0.5 0.28627466786708089 0.043166879624396463
8 8 0.125 8 0 2 0 1 0 1 0.24853916707692741 0.076956377243699609
8 8 0.125 9 1 2 0.5 1 0.5 1 0.39107135734805598 0.013438562201048875
8 8 0.125 10 2 2 1 1 1 1 2.0102162491869495 0.36060330231390469
8 8 0.125 11 3 2 1.5 1 -0.5 1 0.39107135734805576 0.013438562201048859
8 8 0.125 12 0 3 0 1.5 0 -0.5 0.19872989454366602 0.010539278662326318
8 8 0.125 13 1 3 0.5 1.5 0.5 -0.5 0.28627466786708083 0.043166879624396463
8 8 0.125 14 2 3 1 1.5 1 -0.5 0.39905561428066327 0.020708965676688066
8 8 0.125 15 3 3 1.5 1.5 -0.5 -0.5 0.31713687205091834 0.013264420220246067
