# definition=Szz(q)=N^-1 sum_ij exp[-iq.(ri-rj)] <Szi Szj>
# spin_operator=Szi=(n_up-n_down)/2 factor3_applied=0
# lattice=square Lx=4 Ly=4 n=16 pbc=1 t=-1 U=4 mu=2 dtau=0.025000000000000001
# szz_q=all seed=9462151184122787927 parallel=serial nrep=1 bins=20 nbeta=1
# beta_requested beta T q_index mx my qx_over_pi qy_over_pi qx_folded_over_pi qy_folded_over_pi Szz dSzz
8 8 0.125 0 0 0 0 0 0 0 0.028068496010768697 0.0014136809006109344
8 8 0.125 1 1 0 0.5 0 0.5 0 0.10706091030802926 0.0010276069980382986
8 8 0.125 2 2 0 1 0 1 0 0.15716875018104132 0.0029748815322801145
8 8 0.125 3 3 0 1.5 0 -0.5 0 0.10706091030802925 0.0010276069980382991
8 8 0.125 4 0 1 0 0.5 0 0.5 0.10611200244546626 0.00074326565185611987
8 8 0.125 5 1 1 0.5 0.5 0.5 0.5 0.15657956619958094 0.0020514039717110626
8 8 0.125 6 2 1 1 0.5 1 0.5 0.2021784157297451 0.0018238648704603263
8 8 0.125 7 3 1 1.5 0.5 -0.5 0.5 0.1560851810898283 0.0021515399045368504
8 8 0.125 8 0 2 0 1 0 1 0.1548731688804991 0.0018845789037068908
8 8 0.125 9 1 2 0.5 1 0.5 1 0.19805187280600106 0.0016295445113967044
8 8 0.125 10 2 2 1 1 1 1 0.86827850308511789 0.02050019453515943
8 8 0.125 11 3 2 1.5 1 -0.5 1 0.19805187280600089 0.0016295445113967092
8 8 0.125 12 0 3 0 1.5 0 -0.5 0.10611200244546623 0.00074326565185612247
8 8 0.125 13 1 3 0.5 1.5 0.5 -0.5 0.1560851810898283 0.0021515399045368504
8 8 0.125 14 2 3 1 1.5 1 -0.5 0.20217841572974488 0.0018238648704603437
8 8 0.125 15 3 3 1.5 1.5 -0.5 -0.5 0.15657956619958105 0.0020514039717110574
