# definition=Sperp(q)=N^-1 sum_ij exp[-iq.(ri-rj)] <Sxi Sxj + Syi Syj>
# ladder_definition=Sperp(q)=0.5*(S+-(q)+S-+(q)); Splus=Sx+iSy
# su2_relation=ensemble Sperp(q)=2*Szz(q) at any dtau for the current SU(2)-invariant model
# hs_caveat=individual spin-channel-HS samples select the z axis; equality is restored by ensemble averaging
# lattice=square Lx=4 Ly=4 n=16 pbc=1 t=-1 U=4 mu=2 dtau=0.10000000000000001
# sperp_q=all seed=13367636489413835987 parallel=serial nrep=1 bins=20 nbeta=1
# beta_requested beta T q_index mx my qx_over_pi qy_over_pi qx_folded_over_pi qy_folded_over_pi Sperp dSperp
16 16 0.0625 0 0 0 0 0 0 0 0.054132255203321468 0.011586519732214818
16 16 0.0625 1 1 0 0.5 0 0.5 0 0.20162499930867087 0.0052410817722140773
16 16 0.0625 2 2 0 1 0 1 0 0.33198988993441192 0.013963360533596311
16 16 0.0625 3 3 0 1.5 0 -0.5 0 0.20162499930867081 0.0052410817722140634
16 16 0.0625 4 0 1 0 0.5 0 0.5 0.21430511099633467 0.0095771137373062212
16 16 0.0625 5 1 1 0.5 0.5 0.5 0.5 0.33162532969824648 0.0090974777531881677
16 16 0.0625 6 2 1 1 0.5 1 0.5 0.41702603659097726 0.0075981197992237509
16 16 0.0625 7 3 1 1.5 0.5 -0.5 0.5 0.33238047951140981 0.0073195891164375936
16 16 0.0625 8 0 2 0 1 0 1 0.30051897315584242 0.011588085067856193
16 16 0.0625 9 1 2 0.5 1 0.5 1 0.41950045312278472 0.0064606752244525164
16 16 0.0625 10 2 2 1 1 1 1 1.6760847424234924 0.040159565445440054
16 16 0.0625 11 3 2 1.5 1 -0.5 1 0.4195004531227845 0.0064606752244525563
16 16 0.0625 12 0 3 0 1.5 0 -0.5 0.21430511099633462 0.0095771137373062178
16 16 0.0625 13 1 3 0.5 1.5 0.5 -0.5 0.33238047951140975 0.0073195891164375927
16 16 0.0625 14 2 3 1 1.5 1 -0.5 0.41702603659097709 0.0075981197992238099
16 16 0.0625 15 3 3 1.5 1.5 -0.5 -0.5 0.33162532969824676 0.0090974777531882042
