# definition=Szz(q)=N^-1 sum_ij exp[-iq.(ri-rj)] <Szi Szj>
# spin_operator=Szi=(n_up-n_down)/2 factor3_applied=0
# lattice=square Lx=4 Ly=4 n=16 pbc=1 t=-1 U=4 mu=2 dtau=0.10000000000000001
# szz_q=all seed=13367636489413835987 parallel=serial nrep=1 bins=20 nbeta=1
# beta_requested beta T q_index mx my qx_over_pi qy_over_pi qx_folded_over_pi qy_folded_over_pi Szz dSzz
16 16 0.0625 0 0 0 0 0 0 0 0.011654169705780388 0.0030544088153964411
16 16 0.0625 1 1 0 0.5 0 0.5 0 0.10557083623785964 0.0018267329125313484
16 16 0.0625 2 2 0 1 0 1 0 0.15530142886303863 0.0032092317825624097
16 16 0.0625 3 3 0 1.5 0 -0.5 0 0.10557083623785961 0.0018267329125313471
16 16 0.0625 4 0 1 0 0.5 0 0.5 0.1051134698826538 0.0018370338594980058
16 16 0.0625 5 1 1 0.5 0.5 0.5 0.5 0.15467689635820731 0.0026873444835074324
16 16 0.0625 6 2 1 1 0.5 1 0.5 0.202051986077531 0.0023635624722352809
16 16 0.0625 7 3 1 1.5 0.5 -0.5 0.5 0.15456856111616366 0.0031339948916953905
16 16 0.0625 8 0 2 0 1 0 1 0.15320802413193726 0.0034434729584376269
16 16 0.0625 9 1 2 0.5 1 0.5 1 0.20046323844955199 0.0026553354404687426
16 16 0.0625 10 2 2 1 1 1 1 0.93277174064226753 0.036069922055955536
16 16 0.0625 11 3 2 1.5 1 -0.5 1 0.20046323844955177 0.0026553354404687561
16 16 0.0625 12 0 3 0 1.5 0 -0.5 0.10511346988265376 0.0018370338594979954
16 16 0.0625 13 1 3 0.5 1.5 0.5 -0.5 0.15456856111616366 0.0031339948916953905
16 16 0.0625 14 2 3 1 1.5 1 -0.5 0.2020519860775308 0.0023635624722352895
16 16 0.0625 15 3 3 1.5 1.5 -0.5 -0.5 0.15467689635820742 0.0026873444835074324
