# definition=Sperp(q)=N^-1 sum_ij exp[-iq.(ri-rj)] <Sxi Sxj + Syi Syj>
# ladder_definition=Sperp(q)=0.5*(S+-(q)+S-+(q)); Splus=Sx+iSy
# su2_relation=ensemble Sperp(q)=2*Szz(q) at any dtau for the current SU(2)-invariant model
# hs_caveat=individual spin-channel-HS samples select the z axis; equality is restored by ensemble averaging
# lattice=square Lx=4 Ly=4 n=16 bc_x=antiperiodic bc_y=periodic t=-1 U=4 mu=2 dtau=0.050000000000000003
# sperp_q=all seed=1453800944945509802 parallel=serial nrep=1 bins=20 nbeta=1
# beta_requested beta T q_index mx my qx_over_pi qy_over_pi qx_folded_over_pi qy_folded_over_pi Sperp dSperp
8 8 0.125 0 0 0 0 0 0 0 0.0039187970631103918 0.0062262876153868357
8 8 0.125 1 1 0 0.5 0 0.5 0 0.15608233704880647 0.0036999982355624028
8 8 0.125 2 2 0 1 0 1 0 0.35027369897881011 0.0030822679037531896
8 8 0.125 3 3 0 1.5 0 -0.5 0 0.15608233704880642 0.0036999982355624085
8 8 0.125 4 0 1 0 0.5 0 0.5 0.30719225610746753 0.0056455920825974476
8 8 0.125 5 1 1 0.5 0.5 0.5 0.5 0.31497061490078837 0.0029203190360639238
8 8 0.125 6 2 1 1 0.5 1 0.5 0.32184496978274202 0.0040120332533395177
8 8 0.125 7 3 1 1.5 0.5 -0.5 0.5 0.29852359618403901 0.0053975941041593889
8 8 0.125 8 0 2 0 1 0 1 0.26160497603210742 0.005036763027172199
8 8 0.125 9 1 2 0.5 1 0.5 1 0.51377069536059283 0.0039903188186977577
8 8 0.125 10 2 2 1 1 1 1 1.2777148436704353 0.010496000269574698
8 8 0.125 11 3 2 1.5 1 -0.5 1 0.51377069536059283 0.0039903188186977577
8 8 0.125 12 0 3 0 1.5 0 -0.5 0.30719225610746753 0.0056455920825974407
8 8 0.125 13 1 3 0.5 1.5 0.5 -0.5 0.29852359618403879 0.0053975941041593664
8 8 0.125 14 2 3 1 1.5 1 -0.5 0.3218449697827418 0.0040120332533395038
8 8 0.125 15 3 3 1.5 1.5 -0.5 -0.5 0.31497061490078854 0.002920319036063899
