# definition=Szz(q)=N^-1 sum_ij exp[-iq.(ri-rj)] <Szi Szj>
# spin_operator=Szi=(n_up-n_down)/2 factor3_applied=0
# lattice=square Lx=4 Ly=4 n=16 bc_x=antiperiodic bc_y=periodic t=-1 U=4 mu=2 dtau=0.050000000000000003
# szz_q=all seed=1453800944945509802 parallel=serial nrep=1 bins=20 nbeta=1
# beta_requested beta T q_index mx my qx_over_pi qy_over_pi qx_folded_over_pi qy_folded_over_pi Szz dSzz
8 8 0.125 0 0 0 0 0 0 0 0.0016228517641411321 0.00017775589021240369
8 8 0.125 1 1 0 0.5 0 0.5 0 0.078301552072156597 0.00046740627960650382
8 8 0.125 2 2 0 1 0 1 0 0.17331480332163759 0.0010103786109980672
8 8 0.125 3 3 0 1.5 0 -0.5 0 0.078301552072156583 0.00046740627960649753
8 8 0.125 4 0 1 0 0.5 0 0.5 0.15206689465576062 0.00075658808644741898
8 8 0.125 5 1 1 0.5 0.5 0.5 0.5 0.15589378081184857 0.00052972306422621491
8 8 0.125 6 2 1 1 0.5 1 0.5 0.15944465969029217 0.00084240915207681199
8 8 0.125 7 3 1 1.5 0.5 -0.5 0.5 0.155970786625515 0.00087966766052532486
8 8 0.125 8 0 2 0 1 0 1 0.13892807429741144 0.00096472520813338145
8 8 0.125 9 1 2 0.5 1 0.5 1 0.25629582985161081 0.0010653867014468442
8 8 0.125 10 2 2 1 1 1 1 0.62932789045910964 0.0055662413879127778
8 8 0.125 11 3 2 1.5 1 -0.5 1 0.25629582985161081 0.0010653867014468244
8 8 0.125 12 0 3 0 1.5 0 -0.5 0.15206689465576062 0.00075658808644741898
8 8 0.125 13 1 3 0.5 1.5 0.5 -0.5 0.15597078662551495 0.00087966766052532258
8 8 0.125 14 2 3 1 1.5 1 -0.5 0.15944465969029203 0.00084240915207681633
8 8 0.125 15 3 3 1.5 1.5 -0.5 -0.5 0.15589378081184863 0.00052972306422623247
