# definition=Sperp(q)=N^-1 sum_ij exp[-iq.(ri-rj)] <Sxi Sxj + Syi Syj>
# ladder_definition=Sperp(q)=0.5*(S+-(q)+S-+(q)); Splus=Sx+iSy
# su2_relation=ensemble Sperp(q)=2*Szz(q) at any dtau for the current SU(2)-invariant model
# hs_caveat=individual spin-channel-HS samples select the z axis; equality is restored by ensemble averaging
# lattice=square Lx=4 Ly=4 n=16 pbc=1 t=-1 U=4 mu=2 dtau=0.10000000000000001
# sperp_q=all seed=18057010855429504598 parallel=serial nrep=1 bins=20 nbeta=1
# beta_requested beta T q_index mx my qx_over_pi qy_over_pi qx_folded_over_pi qy_folded_over_pi Sperp dSperp
4 4 0.25 0 0 0 0 0 0 0 0.12632043743388982 0.010895911012513431
4 4 0.25 1 1 0 0.5 0 0.5 0 0.2175259829479656 0.003607687269928531
4 4 0.25 2 2 0 1 0 1 0 0.34830440445793476 0.0082038641193587624
4 4 0.25 3 3 0 1.5 0 -0.5 0 0.21752598294796552 0.0036076872699285483
4 4 0.25 4 0 1 0 0.5 0 0.5 0.21958687773901206 0.0060817858587457205
4 4 0.25 5 1 1 0.5 0.5 0.5 0.5 0.3454658855584975 0.0059035787302420036
4 4 0.25 6 2 1 1 0.5 1 0.5 0.42297286915976634 0.0062301975386094841
4 4 0.25 7 3 1 1.5 0.5 -0.5 0.5 0.336105705191308 0.0051714739166745256
4 4 0.25 8 0 2 0 1 0 1 0.333559037142586 0.0065591069188958235
4 4 0.25 9 1 2 0.5 1 0.5 1 0.42520982957212816 0.0042613218314657003
4 4 0.25 10 2 2 1 1 1 1 1.2867511078693115 0.016461471016206979
4 4 0.25 11 3 2 1.5 1 -0.5 1 0.42520982957212794 0.0042613218314657116
4 4 0.25 12 0 3 0 1.5 0 -0.5 0.21958687773901206 0.0060817858587457205
4 4 0.25 13 1 3 0.5 1.5 0.5 -0.5 0.33610570519130795 0.0051714739166744926
4 4 0.25 14 2 3 1 1.5 1 -0.5 0.42297286915976617 0.0062301975386095249
4 4 0.25 15 3 3 1.5 1.5 -0.5 -0.5 0.34546588555849767 0.0059035787302420938
