# definition=Szz(q)=N^-1 sum_ij exp[-iq.(ri-rj)] <Szi Szj>
# spin_operator=Szi=(n_up-n_down)/2 factor3_applied=0
# lattice=square Lx=4 Ly=4 n=16 pbc=1 t=-1 U=4 mu=2 dtau=0.10000000000000001
# szz_q=all seed=18057010855429504598 parallel=serial nrep=1 bins=20 nbeta=1
# beta_requested beta T q_index mx my qx_over_pi qy_over_pi qx_folded_over_pi qy_folded_over_pi Szz dSzz
4 4 0.25 0 0 0 0 0 0 0 0.060468822448191108 0.0010932796515394066
4 4 0.25 1 1 0 0.5 0 0.5 0 0.1106820409516823 0.00077113660554692506
4 4 0.25 2 2 0 1 0 1 0 0.16755137698549388 0.0011912374656732334
4 4 0.25 3 3 0 1.5 0 -0.5 0 0.1106820409516823 0.00077113660554692506
4 4 0.25 4 0 1 0 0.5 0 0.5 0.11151585739911132 0.00065091732559119603
4 4 0.25 5 1 1 0.5 0.5 0.5 0.5 0.16795118189772393 0.0011894104727831509
4 4 0.25 6 2 1 1 0.5 1 0.5 0.20856911805493369 0.0011721577483674109
4 4 0.25 7 3 1 1.5 0.5 -0.5 0.5 0.16815116969209914 0.0011071069760918673
4 4 0.25 8 0 2 0 1 0 1 0.1656498522060465 0.0013003196460493614
4 4 0.25 9 1 2 0.5 1 0.5 1 0.20828503251296387 0.0012181924831576106
4 4 0.25 10 2 2 1 1 1 1 0.67035579096377895 0.01088522746879615
4 4 0.25 11 3 2 1.5 1 -0.5 1 0.20828503251296379 0.0012181924831575991
4 4 0.25 12 0 3 0 1.5 0 -0.5 0.11151585739911132 0.00065091732559119798
4 4 0.25 13 1 3 0.5 1.5 0.5 -0.5 0.1681511696920992 0.0011071069760918754
4 4 0.25 14 2 3 1 1.5 1 -0.5 0.20856911805493356 0.0011721577483673978
4 4 0.25 15 3 3 1.5 1.5 -0.5 -0.5 0.16795118189772398 0.0011894104727831515
