# beta T ED_E_hub ED_doublon ED_ntot E_dtau0.2 dE_dtau0.2 E_dtau0.2_minus_ED E_dtau0.1 dE_dtau0.1 E_dtau0.1_minus_ED E_dtau0.05 dE_dtau0.05 E_dtau0.05_minus_ED E_extrap dE_extrap E_extrap_minus_ED E_slope_dtau2 D_dtau0.2 dD_dtau0.2 D_dtau0.2_minus_ED D_dtau0.1 dD_dtau0.1 D_dtau0.1_minus_ED D_dtau0.05 dD_dtau0.05 D_dtau0.05_minus_ED D_extrap dD_extrap D_extrap_minus_ED D_slope_dtau2
0.6 1.66666666667 0.463625152839 0.136663399219 6 0.31165676 0.0102 -0.151968392839 0.42503683 0.00755 -0.0385883228391 0.44312939 0.00768 -0.0204957628391 0.455952761859 0.00658425205 -0.00767239097968 -3.56426446484 0.1340436 0.00064 -0.00261979921947 0.13612151 0.0003 -0.000541889219472 0.13618417 0.00041 -0.000479229219472 0.136562549182 0.000322641539612 -0.000100850037289 -0.0594757775618
0.8 1.25 -0.439721060256 0.120118914074 6 -0.64628649 0.00904 -0.206565429744 -0.48251961 0.00946 -0.0427985497444 -0.44144178 0.00951 -0.00172071974443 -0.427840462865 0.00805199732545 0.0118805973903 -5.46144603073 0.11692221 0.00038 -0.00319670407411 0.11965067 0.0004 -0.000468244074111 0.12017422 0.00032 5.53059258885e-05 0.120437884921 0.000292539437664 0.00031897084738 -0.0874959266791
1 1 -1.0588934364 0.110287213328 6 -1.2929813 0.00821 -0.234087863601 -1.1169233 0.0108 -0.0580298636011 -1.0727189 0.0108 -0.0138254636011 -1.0581119853 0.00910266175 0.00078145109534 -5.8719968051 0.10635436 0.0004 -0.00393285332848 0.10883057 0.00036 -0.00145664332848 0.11030729 0.00034 2.00766715177e-05 0.110255460522 0.000296445215266 -3.17528062837e-05 -0.10014155603
1.2 0.833333333333 -1.50481442973 0.104637717624 6 -1.7588336 0.0108 -0.254019170268 -1.5794746 0.0117 -0.0746601702682 -1.5298149 0.0133 -0.0250004702682 -1.51680807045 0.0106854597356 -0.0119936407222 -6.05946517369 0.099638934 0.00042 -0.00499878362408 0.10402222 0.00028 -0.000615497624084 0.1040723 0.0003 -0.000565417624084 0.104803230528 0.000253851133867 0.000165512904194 -0.123949466652
1.4 0.714285714286 -1.84457374549 0.101539533689 6 -2.1319104 0.0123 -0.287336654512 -1.9245897 0.0148 -0.0800159545115 -1.8642237 0.0135 -0.0196499545115 -1.84944529343 0.0117932313387 -0.00487154794216 -7.07674344474 0.096286934 0.0004 -0.00525259968905 0.10051938 0.00039 -0.00102015368905 0.10120201 0.00033 -0.000337523689054 0.101649199052 0.000297472204336 0.000109665363187 -0.133003548426
1.6 0.625 -2.11615704313 0.100001996619 6 -2.4360333 0.015 -0.319876256868 -2.1857996 0.0146 -0.0696425568681 -2.1249128 0.0134 -0.00875575686811 -2.10357544359 0.0117621997754 0.0125815995399 -8.30698316812 0.093116698 0.00047 -0.0068852986191 0.098195889 0.00043 -0.0018061076191 0.099877945 0.00036 -0.000124051619104 0.100200378402 0.000326429416874 0.000198381782404 -0.178408590165
1.8 0.555555555556 -2.3410014697 0.0994284680761 6 -2.6868005 0.0153 -0.3457990303 -2.4149076 0.0149 -0.0739061303001 -2.3383121 0.0191 0.00268936969994 -2.3196525937 0.0145532312393 0.0213488759961 -9.19606566576 0.093309589 0.00054 -0.00611887907607 0.097604943 0.00039 -0.00182352507607 0.098717996 0.00044 -0.000710472076066 0.0990609640238 0.000362086834864 -0.000367504052266 -0.143943377614
2 0.5 -2.53160566069 0.0994550190383 6 -2.8942488 0.0149 -0.362643139312 -2.6296621 0.0154 -0.098056439312 -2.5379322 0.015 -0.00632653931203 -2.52409724412 0.0128594420714 0.00750841656704 -9.31203652243 0.091829758 0.00045 -0.00762526103826 0.098147721 0.00049 -0.00130729803826 0.099572161 0.00048 0.000117141961735 0.100149112556 0.000409891646928 0.000694093517521 -0.20766643889
2.4 0.416666666667 -2.83794958259 0.100482254553 6 -3.1647267 0.0213 -0.326777117409 -2.8977079 0.0164 -0.0597583174086 -2.8729276 0.0198 -0.0349780174086 -2.83297187384 0.0157323103344 0.00497770874936 -8.15228776687 0.092593682 0.00056 -0.00788857255286 0.098130444 0.00052 -0.00235181055286 0.10051041 0.00049 2.81554471364e-05 0.10067199404 0.00042698097482 0.000189739487007 -0.204818721519
2.8 0.357142857143 -3.06978265323 0.102067096871 6 -3.4519411 0.024 -0.382158446773 -3.1775958 0.0176 -0.107813146773 -3.1365392 0.0161 -0.0667565467735 -3.10608307868 0.0143551201323 -0.0363004254562 -8.51926144398 0.094202645 0.00069 -0.00786445187122 0.099957094 0.00045 -0.00211000287122 0.10201252 0.00051 -5.45768712217e-05 0.102258982932 0.00042219373582 0.00019188606046 -0.20443586037
3.2 0.3125 -3.24411554042 0.103747928936 6 -3.6497619 0.0181 -0.405646359584 -3.348405 0.0201 -0.104289459584 -3.2913675 0.0196 -0.0472519595843 -3.26033140779 0.0167553887899 -0.016215867374 -9.69958711405 0.095227091 0.0006 -0.00852083793569 0.10211422 0.00052 -0.00163370893569 0.10314355 0.0005 -0.000604378935689 0.103931025041 0.00043391107032 0.000183096105319 -0.215356599137
3.6 0.277777777778 -3.372238688 0.10530066878 6 -3.7765739 0.0185 -0.404335211997 -3.4795815 0.0155 -0.107342811997 -3.4001338 0.0171 -0.0278951119965 -3.37734791647 0.0140775568888 -0.00510922846825 -9.99678773473 0.096097478 0.00063 -0.00920319078 0.10338053 0.00041 -0.00192013878 0.10489564 0.00047 -0.000405028780003 0.105619877419 0.000387210402556 0.00031920863903 -0.236568509466
4 0.25 -3.46391481329 0.106627199392 6 -3.8597426 0.0189 -0.395827786713 -3.5731374 0.0225 -0.109222586713 -3.5008195 0.019 -0.0369046867128 -3.47710649214 0.0170275097017 -0.0131916788539 -9.56716998242 0.097227718 0.00058 -0.00939948139194 0.1048331 0.00056 -0.00179409939194 0.10612492 0.00048 -0.000502279391937 0.106915496858 0.000431105063305 0.000288297465826 -0.240466006173
4.8 0.208333333333 -3.57219934699 0.108548140639 6 -4.0068071 0.02 -0.434607753006 -3.6391113 0.0227 -0.0669119530059 -3.6116808 0.0159 -0.0394814530059 -3.56967664713 0.0150183155411 0.00252269986431 -10.7793776873 0.10047565 0.00047 -0.00807249063918 0.10510743 0.00059 -0.00344071063918 0.10829757 0.00049 -0.000250570639182 0.108176052159 0.000440790042834 -0.000372088480623 -0.196026794078
5.6 0.178571428571 -3.6228840061 0.10968231047 6 -4.0443009 0.017 -0.421416893904 -3.6879332 0.0217 -0.065049193904 -3.6269848 0.02 -0.00410079390399 -3.58887419934 0.0173828472786 0.034009806755 -11.341610485 0.09980884 0.00057 -0.00987347046968 0.10579129 0.00052 -0.00389102046968 0.10934075 0.00054 -0.000341560469678 0.109121496886 0.000453909011719 -0.000560813583275 -0.238495287338
6.4 0.15625 -3.64647197964 0.110315976583 6 -4.0158846 0.0219 -0.369412620358 -3.7421965 0.019 -0.0957245203577 -3.6823452 0.0196 -0.0358732203577 -3.6565889699 0.0165589134689 -0.0101169902623 -8.95612686657 0.10030811 0.00054 -0.0100078665826 0.10728899 0.00054 -0.00302698658258 0.10941065 0.00053 -0.000905326582581 0.10987046783 0.000453626526457 -0.000445508752836 -0.239967937993
7.2 0.138888888889 -3.65765151768 0.110661667249 6 -4.0672283 0.0201 -0.409576782316 -3.7777821 0.0165 -0.120130582316 -3.7007823 0.0193 -0.0431307823163 -3.67855349173 0.0155005010171 -0.0209019740509 -9.73109864364 0.10210158 0.00066 -0.00856008724909 0.10831144 0.00051 -0.00235022724909 0.11037622 0.00042 -0.000285447249089 0.110775939657 0.000385999376518 0.000114272407896 -0.219145394929
8 0.125 -3.66308970047 0.110848413301 6 -4.0864345 0.0225 -0.423344799532 -3.7589686 0.0231 -0.0958788995321 -3.6941855 0.0197 -0.0310957995321 -3.66250883414 0.0176809670997 0.000580866325668 -10.5550199648 0.10097444 0.00068 -0.00987397330088 0.10688197 0.00063 -0.00396644330088 0.11044839 0.00048 -0.000400023300876 0.11051438563 0.000446947717517 -0.000334027671213 -0.245365114628
9 0.111111111111 -3.6662391946 0.110965721885 6 -4.080141 0.0189 -0.413901805398 -3.7660936 0.0178 -0.0998544053985 -3.6713243 0.0197 -0.00508510539849 -3.65139547329 0.0161027488725 0.0148437213073 -10.7587228171 0.10208192 0.0005 -0.00888380188458 0.10887864 0.00052 -0.00208708188458 0.11021546 0.00053 -0.000750261884577 0.110906596088 0.000446433854034 -5.91257968195e-05 -0.219829464344
10 0.1 -3.667602074 0.111019732203 6 -4.0916459 0.0191 -0.424043826002 -3.7578173 0.022 -0.090215226002 -3.6966313 0.0193 -0.029029226002 -3.662730243 0.0171027877771 0.00487183099436 -10.6787943146 0.10116258 0.00043 -0.00985715220267 0.1082765 0.00053 -0.00274323220267 0.1108812 0.0005 -0.00013853220267 0.11121820028 0.000431368548926 0.000198468077502 -0.252753607081
11 0.0909090909091 -3.66820588189 0.111044609281 6 -4.0709338 0.0206 -0.402727918112 -3.7952346 0.0176 -0.127028718112 -3.7161248 0.0206 -0.0479189181118 -3.6973251793 0.0165028709988 -0.0291192974113 -9.36911023556 0.10207104 0.00062 -0.00897356928075 0.10869299 0.00054 -0.00235161928075 0.11051607 0.00047 -0.000528539280749 0.111024235724 0.000421951132796 -2.03735563178e-05 -0.224404642923
12 0.0833333333333 -3.66847767671 0.111056078309 6 -4.0680565 0.0174 -0.399578823285 -3.7603466 0.0205 -0.0918689232855 -3.6565603 0.0198 0.0119173767145 -3.63952076992 0.0169567458979 0.0289569067966 -10.7609985938 0.10136245 0.00057 -0.0096936283088 0.10755801 0.00055 -0.0034980683088 0.1098398 0.00045 -0.0012162783088 0.110183035648 0.000409974607048 -0.000873042660882 -0.222654576942
