# definition=Sperp(q)=N^-1 sum_ij exp[-iq.(ri-rj)] <Sxi Sxj + Syi Syj>
# ladder_definition=Sperp(q)=0.5*(S+-(q)+S-+(q)); Splus=Sx+iSy
# su2_relation=ensemble Sperp(q)=2*Szz(q) at any dtau for the current SU(2)-invariant model
# hs_caveat=individual spin-channel-HS samples select the z axis; equality is restored by ensemble averaging
# lattice=square Lx=4 Ly=4 n=16 bc_x=antiperiodic bc_y=periodic t=-1 U=4 mu=2 dtau=0.10000000000000001
# sperp_q=all seed=5060231017710924075 parallel=serial nrep=1 bins=20 nbeta=1
# beta_requested beta T q_index mx my qx_over_pi qy_over_pi qx_folded_over_pi qy_folded_over_pi Sperp dSperp
8 8 0.125 0 0 0 0 0 0 0 0.0056085558483642706 0.0087052548024938309
8 8 0.125 1 1 0 0.5 0 0.5 0 0.15840814551295296 0.0027567564655879701
8 8 0.125 2 2 0 1 0 1 0 0.33099276378256426 0.0072211214099806905
8 8 0.125 3 3 0 1.5 0 -0.5 0 0.15840814551295285 0.0027567564655879809
8 8 0.125 4 0 1 0 0.5 0 0.5 0.30241014413942502 0.0046750426688732215
8 8 0.125 5 1 1 0.5 0.5 0.5 0.5 0.30872519646727575 0.0067947568916273647
8 8 0.125 6 2 1 1 0.5 1 0.5 0.31817999696808014 0.0034862849931608115
8 8 0.125 7 3 1 1.5 0.5 -0.5 0.5 0.31246185122923326 0.0054393433943358003
8 8 0.125 8 0 2 0 1 0 1 0.27144696222181153 0.0064689824215487957
8 8 0.125 9 1 2 0.5 1 0.5 1 0.51686616274438701 0.004082882093192128
8 8 0.125 10 2 2 1 1 1 1 1.3097612823848956 0.017512581811269339
8 8 0.125 11 3 2 1.5 1 -0.5 1 0.5168661627443869 0.0040828820931921765
8 8 0.125 12 0 3 0 1.5 0 -0.5 0.30241014413942502 0.0046750426688732215
8 8 0.125 13 1 3 0.5 1.5 0.5 -0.5 0.31246185122923309 0.0054393433943357959
8 8 0.125 14 2 3 1 1.5 1 -0.5 0.31817999696807991 0.0034862849931607746
8 8 0.125 15 3 3 1.5 1.5 -0.5 -0.5 0.30872519646727592 0.0067947568916273777
