# definition=Szz(q)=N^-1 sum_ij exp[-iq.(ri-rj)] <Szi Szj>
# spin_operator=Szi=(n_up-n_down)/2 factor3_applied=0
# lattice=square Lx=4 Ly=4 n=16 bc_x=antiperiodic bc_y=periodic t=-1 U=4 mu=2 dtau=0.10000000000000001
# szz_q=all seed=5060231017710924075 parallel=serial nrep=1 bins=20 nbeta=1
# beta_requested beta T q_index mx my qx_over_pi qy_over_pi qx_folded_over_pi qy_folded_over_pi Szz dSzz
8 8 0.125 0 0 0 0 0 0 0 0.0018360904574205618 0.00017902000460902478
8 8 0.125 1 1 0 0.5 0 0.5 0 0.078319899860270381 0.00050117113974006502
8 8 0.125 2 2 0 1 0 1 0 0.1729367209795224 0.0011742821227003664
8 8 0.125 3 3 0 1.5 0 -0.5 0 0.078319899860270353 0.00050117113974004561
8 8 0.125 4 0 1 0 0.5 0 0.5 0.15200420974492743 0.00080363775138514849
8 8 0.125 5 1 1 0.5 0.5 0.5 0.5 0.15494225160072195 0.00062881328688734329
8 8 0.125 6 2 1 1 0.5 1 0.5 0.16038097545643443 0.00096752333134502387
8 8 0.125 7 3 1 1.5 0.5 -0.5 0.5 0.15485064043793167 0.00064284435610935278
8 8 0.125 8 0 2 0 1 0 1 0.13739756873987991 0.00055041283166971618
8 8 0.125 9 1 2 0.5 1 0.5 1 0.25963333041733228 0.0011799546646822359
8 8 0.125 10 2 2 1 1 1 1 0.64352328396811287 0.0058085697999968695
8 8 0.125 11 3 2 1.5 1 -0.5 1 0.25963333041733216 0.0011799546646822337
8 8 0.125 12 0 3 0 1.5 0 -0.5 0.15200420974492743 0.00080363775138514004
8 8 0.125 13 1 3 0.5 1.5 0.5 -0.5 0.15485064043793159 0.00064284435610936015
8 8 0.125 14 2 3 1 1.5 1 -0.5 0.16038097545643429 0.00096752333134500978
8 8 0.125 15 3 3 1.5 1.5 -0.5 -0.5 0.154942251600722 0.00062881328688734449
