# definition=Sperp(q)=N^-1 sum_ij exp[-iq.(ri-rj)] <Sxi Sxj + Syi Syj>
# ladder_definition=Sperp(q)=0.5*(S+-(q)+S-+(q)); Splus=Sx+iSy
# su2_relation=ensemble Sperp(q)=2*Szz(q) at any dtau for the current SU(2)-invariant model
# hs_caveat=individual spin-channel-HS samples select the z axis; equality is restored by ensemble averaging
# lattice=square Lx=4 Ly=4 n=16 pbc=1 t=-1 U=4 mu=2 dtau=0.025000000000000001
# sperp_q=all seed=8962212171324766089 parallel=serial nrep=1 bins=20 nbeta=1
# beta_requested beta T q_index mx my qx_over_pi qy_over_pi qx_folded_over_pi qy_folded_over_pi Sperp dSperp
8 8 0.125 0 0 0 0 0 0 0 0.044415285847435058 0.022226741695920232
8 8 0.125 1 1 0 0.5 0 0.5 0 0.1943931924624612 0.010630932887902783
8 8 0.125 2 2 0 1 0 1 0 0.3071426554256389 0.014263831994397543
8 8 0.125 3 3 0 1.5 0 -0.5 0 0.19439319246246117 0.01063093288790278
8 8 0.125 4 0 1 0 0.5 0 0.5 0.21224275594760092 0.0075090157296960145
8 8 0.125 5 1 1 0.5 0.5 0.5 0.5 0.32956584858107585 0.011982850553951012
8 8 0.125 6 2 1 1 0.5 1 0.5 0.40551395528858719 0.0085675011596275611
8 8 0.125 7 3 1 1.5 0.5 -0.5 0.5 0.32245475204907037 0.0073655717182774224
8 8 0.125 8 0 2 0 1 0 1 0.3292037851708004 0.015350365839572057
8 8 0.125 9 1 2 0.5 1 0.5 1 0.40387247818769129 0.015470767040558192
8 8 0.125 10 2 2 1 1 1 1 1.7093239350526612 0.053520613507282169
8 8 0.125 11 3 2 1.5 1 -0.5 1 0.40387247818769101 0.015470767040558194
8 8 0.125 12 0 3 0 1.5 0 -0.5 0.21224275594760084 0.0075090157296960613
8 8 0.125 13 1 3 0.5 1.5 0.5 -0.5 0.32245475204907037 0.0073655717182774336
8 8 0.125 14 2 3 1 1.5 1 -0.5 0.40551395528858675 0.0085675011596275368
8 8 0.125 15 3 3 1.5 1.5 -0.5 -0.5 0.32956584858107607 0.011982850553951041
