# definition=Szz(q)=N^-1 sum_ij exp[-iq.(ri-rj)] <Szi Szj>
# spin_operator=Szi=(n_up-n_down)/2 factor3_applied=0
# lattice=square Lx=4 Ly=4 n=16 pbc=1 t=-1 U=4 mu=2 dtau=0.025000000000000001
# szz_q=all seed=8962212171324766089 parallel=serial nrep=1 bins=20 nbeta=1
# beta_requested beta T q_index mx my qx_over_pi qy_over_pi qx_folded_over_pi qy_folded_over_pi Szz dSzz
8 8 0.125 0 0 0 0 0 0 0 0.029425780013512252 0.0016841090125659735
8 8 0.125 1 1 0 0.5 0 0.5 0 0.10786607781562207 0.0012297428456098337
8 8 0.125 2 2 0 1 0 1 0 0.15581340515890368 0.0027825296006284443
8 8 0.125 3 3 0 1.5 0 -0.5 0 0.10786607781562205 0.0012297428456098417
8 8 0.125 4 0 1 0 0.5 0 0.5 0.10727300826848238 0.0012514095769574824
8 8 0.125 5 1 1 0.5 0.5 0.5 0.5 0.15871595908760655 0.0021488624379501857
8 8 0.125 6 2 1 1 0.5 1 0.5 0.20339959826814308 0.0020559392914845684
8 8 0.125 7 3 1 1.5 0.5 -0.5 0.5 0.16094109474263923 0.0025284260223102802
8 8 0.125 8 0 2 0 1 0 1 0.15985510433307992 0.0024818663976716891
8 8 0.125 9 1 2 0.5 1 0.5 1 0.20299762091484838 0.0017989869609785312
8 8 0.125 10 2 2 1 1 1 1 0.83560480556457506 0.026350113453884924
8 8 0.125 11 3 2 1.5 1 -0.5 1 0.20299762091484824 0.001798986960978544
8 8 0.125 12 0 3 0 1.5 0 -0.5 0.10727300826848234 0.0012514095769574809
8 8 0.125 13 1 3 0.5 1.5 0.5 -0.5 0.16094109474263926 0.0025284260223102845
8 8 0.125 14 2 3 1 1.5 1 -0.5 0.20339959826814291 0.0020559392914845736
8 8 0.125 15 3 3 1.5 1.5 -0.5 -0.5 0.15871595908760666 0.002148862437950158
