# definition=Sperp(q)=N^-1 sum_ij exp[-iq.(ri-rj)] <Sxi Sxj + Syi Syj>
# ladder_definition=Sperp(q)=0.5*(S+-(q)+S-+(q)); Splus=Sx+iSy
# su2_relation=ensemble Sperp(q)=2*Szz(q) at any dtau for the current SU(2)-invariant model
# hs_caveat=individual spin-channel-HS samples select the z axis; equality is restored by ensemble averaging
# lattice=square Lx=4 Ly=4 n=16 pbc=1 t=-1 U=4 mu=2 dtau=0.025000000000000001
# sperp_q=all seed=14640964742169170494 parallel=serial nrep=1 bins=20 nbeta=1
# beta_requested beta T q_index mx my qx_over_pi qy_over_pi qx_folded_over_pi qy_folded_over_pi Sperp dSperp
4 4 0.25 0 0 0 0 0 0 0 0.11946896590498905 0.0075077828907545241
4 4 0.25 1 1 0 0.5 0 0.5 0 0.22638264646004491 0.0030925426449554443
4 4 0.25 2 2 0 1 0 1 0 0.33544442837997657 0.0072016485922142661
4 4 0.25 3 3 0 1.5 0 -0.5 0 0.22638264646004486 0.0030925426449554326
4 4 0.25 4 0 1 0 0.5 0 0.5 0.22507451423314925 0.0040099078188106443
4 4 0.25 5 1 1 0.5 0.5 0.5 0.5 0.34043070477674203 0.0044596989752463071
4 4 0.25 6 2 1 1 0.5 1 0.5 0.41486733245625401 0.0051115978052274835
4 4 0.25 7 3 1 1.5 0.5 -0.5 0.5 0.33631759053219829 0.0049965488705195149
4 4 0.25 8 0 2 0 1 0 1 0.33575398583686905 0.0090403334337973724
4 4 0.25 9 1 2 0.5 1 0.5 1 0.41959612720159356 0.0035604045306871254
4 4 0.25 10 2 2 1 1 1 1 1.2678513762581796 0.016069065619947351
4 4 0.25 11 3 2 1.5 1 -0.5 1 0.41959612720159345 0.0035604045306871137
4 4 0.25 12 0 3 0 1.5 0 -0.5 0.22507451423314923 0.0040099078188106634
4 4 0.25 13 1 3 0.5 1.5 0.5 -0.5 0.33631759053219834 0.0049965488705195826
4 4 0.25 14 2 3 1 1.5 1 -0.5 0.41486733245625362 0.0051115978052274566
4 4 0.25 15 3 3 1.5 1.5 -0.5 -0.5 0.3404307047767422 0.0044596989752463253
