# definition=Szz(q)=N^-1 sum_ij exp[-iq.(ri-rj)] <Szi Szj>
# spin_operator=Szi=(n_up-n_down)/2 factor3_applied=0
# lattice=square Lx=4 Ly=4 n=16 pbc=1 t=-1 U=4 mu=2 dtau=0.025000000000000001
# szz_q=all seed=14640964742169170494 parallel=serial nrep=1 bins=20 nbeta=1
# beta_requested beta T q_index mx my qx_over_pi qy_over_pi qx_folded_over_pi qy_folded_over_pi Szz dSzz
4 4 0.25 0 0 0 0 0 0 0 0.062193008303915907 0.0010922221103607257
4 4 0.25 1 1 0 0.5 0 0.5 0 0.11199719963425314 0.00049838125044436034
4 4 0.25 2 2 0 1 0 1 0 0.17019650438856607 0.001286524253178996
4 4 0.25 3 3 0 1.5 0 -0.5 0 0.11199719963425311 0.00049838125044436425
4 4 0.25 4 0 1 0 0.5 0 0.5 0.11210180118923992 0.00058253013032831297
4 4 0.25 5 1 1 0.5 0.5 0.5 0.5 0.16945532865719151 0.00084443287988380047
4 4 0.25 6 2 1 1 0.5 1 0.5 0.20757217693460914 0.0010131558674422415
4 4 0.25 7 3 1 1.5 0.5 -0.5 0.5 0.16770870182134484 0.0010940327873534695
4 4 0.25 8 0 2 0 1 0 1 0.1703483692200683 0.0012654471582416885
4 4 0.25 9 1 2 0.5 1 0.5 1 0.20623261604245902 0.0011102247628235118
4 4 0.25 10 2 2 1 1 1 1 0.63905476337924338 0.0057248592393551066
4 4 0.25 11 3 2 1.5 1 -0.5 1 0.20623261604245893 0.0011102247628235293
4 4 0.25 12 0 3 0 1.5 0 -0.5 0.11210180118923992 0.00058253013032831297
4 4 0.25 13 1 3 0.5 1.5 0.5 -0.5 0.16770870182134484 0.0010940327873534498
4 4 0.25 14 2 3 1 1.5 1 -0.5 0.20757217693460897 0.0010131558674422419
4 4 0.25 15 3 3 1.5 1.5 -0.5 -0.5 0.1694553286571916 0.00084443287988375353
