# definition=Sperp(q)=N^-1 sum_ij exp[-iq.(ri-rj)] <Sxi Sxj + Syi Syj>
# ladder_definition=Sperp(q)=0.5*(S+-(q)+S-+(q)); Splus=Sx+iSy
# su2_relation=ensemble Sperp(q)=2*Szz(q) at any dtau for the current SU(2)-invariant model
# hs_caveat=individual spin-channel-HS samples select the z axis; equality is restored by ensemble averaging
# lattice=square Lx=4 Ly=4 n=16 bc_x=antiperiodic bc_y=periodic t=-1 U=4 mu=2 dtau=0.025000000000000001
# sperp_q=all seed=5780019872462973432 parallel=serial nrep=1 bins=20 nbeta=1
# beta_requested beta T q_index mx my qx_over_pi qy_over_pi qx_folded_over_pi qy_folded_over_pi Sperp dSperp
4 4 0.25 0 0 0 0 0 0 0 0.03961259445724212 0.0023449647835428787
4 4 0.25 1 1 0 0.5 0 0.5 0 0.18785109589796065 0.0023461796089193727
4 4 0.25 2 2 0 1 0 1 0 0.36980403634614523 0.0031360907168893042
4 4 0.25 3 3 0 1.5 0 -0.5 0 0.18785109589796062 0.0023461796089193766
4 4 0.25 4 0 1 0 0.5 0 0.5 0.27777902503517493 0.0034680590650848909
4 4 0.25 5 1 1 0.5 0.5 0.5 0.5 0.31626318738689319 0.0024135756736279905
4 4 0.25 6 2 1 1 0.5 1 0.5 0.36138650603280087 0.002617156685186796
4 4 0.25 7 3 1 1.5 0.5 -0.5 0.5 0.31722409201359608 0.0028533544749167498
4 4 0.25 8 0 2 0 1 0 1 0.26227731513936797 0.0030170852395413369
4 4 0.25 9 1 2 0.5 1 0.5 1 0.485247113446161 0.0038177685646072893
4 4 0.25 10 2 2 1 1 1 1 1.1550126888805248 0.010872813704804831
4 4 0.25 11 3 2 1.5 1 -0.5 1 0.48524711344616095 0.0038177685646072841
4 4 0.25 12 0 3 0 1.5 0 -0.5 0.27777902503517488 0.0034680590650848723
4 4 0.25 13 1 3 0.5 1.5 0.5 -0.5 0.31722409201359603 0.0028533544749167797
4 4 0.25 14 2 3 1 1.5 1 -0.5 0.36138650603280065 0.0026171566851867631
4 4 0.25 15 3 3 1.5 1.5 -0.5 -0.5 0.31626318738689319 0.0024135756736280126
