# definition=Szz(q)=N^-1 sum_ij exp[-iq.(ri-rj)] <Szi Szj>
# spin_operator=Szi=(n_up-n_down)/2 factor3_applied=0
# lattice=square Lx=4 Ly=4 n=16 bc_x=antiperiodic bc_y=periodic t=-1 U=4 mu=2 dtau=0.025000000000000001
# szz_q=all seed=5780019872462973432 parallel=serial nrep=1 bins=20 nbeta=1
# beta_requested beta T q_index mx my qx_over_pi qy_over_pi qx_folded_over_pi qy_folded_over_pi Szz dSzz
4 4 0.25 0 0 0 0 0 0 0 0.020367986322741449 0.00026337113977040324
4 4 0.25 1 1 0 0.5 0 0.5 0 0.092982751396037663 0.00062335454145659528
4 4 0.25 2 2 0 1 0 1 0 0.18379176264522312 0.001054674941457927
4 4 0.25 3 3 0 1.5 0 -0.5 0 0.092982751396037649 0.00062335454145659398
4 4 0.25 4 0 1 0 0.5 0 0.5 0.13908911312168745 0.00073860777754867959
4 4 0.25 5 1 1 0.5 0.5 0.5 0.5 0.15800554541489231 0.0007066031129001238
4 4 0.25 6 2 1 1 0.5 1 0.5 0.18083423852787656 0.00079463107425652873
4 4 0.25 7 3 1 1.5 0.5 -0.5 0.5 0.15733993176362188 0.00073112332737401524
4 4 0.25 8 0 2 0 1 0 1 0.1303625351495748 0.00074148310667101406
4 4 0.25 9 1 2 0.5 1 0.5 1 0.23919557617342865 0.0011232569238656561
4 4 0.25 10 2 2 1 1 1 1 0.58968774031159898 0.0057730955479716774
4 4 0.25 11 3 2 1.5 1 -0.5 1 0.23919557617342863 0.0011232569238656422
4 4 0.25 12 0 3 0 1.5 0 -0.5 0.13908911312168742 0.00073860777754866224
4 4 0.25 13 1 3 0.5 1.5 0.5 -0.5 0.15733993176362182 0.00073112332737398477
4 4 0.25 14 2 3 1 1.5 1 -0.5 0.18083423852787647 0.00079463107425654358
4 4 0.25 15 3 3 1.5 1.5 -0.5 -0.5 0.15800554541489237 0.00070660311290008662
