# definition=Sperp(q)=N^-1 sum_ij exp[-iq.(ri-rj)] <Sxi Sxj + Syi Syj>
# ladder_definition=Sperp(q)=0.5*(S+-(q)+S-+(q)); Splus=Sx+iSy
# su2_relation=ensemble Sperp(q)=2*Szz(q) at any dtau for the current SU(2)-invariant model
# hs_caveat=individual spin-channel-HS samples select the z axis; equality is restored by ensemble averaging
# lattice=square Lx=4 Ly=4 n=16 pbc=1 t=-1 U=4 mu=2 dtau=0.10000000000000001
# sperp_q=all seed=419422924609538775 parallel=serial nrep=1 bins=20 nbeta=1
# beta_requested beta T q_index mx my qx_over_pi qy_over_pi qx_folded_over_pi qy_folded_over_pi Sperp dSperp
16 16 0.0625 0 0 0 0 0 0 0 0.036856830285395825 0.013022994295044837
16 16 0.0625 1 1 0 0.5 0 0.5 0 0.20828457760535124 0.0076404931761488637
16 16 0.0625 2 2 0 1 0 1 0 0.30810691170184124 0.011259142481037571
16 16 0.0625 3 3 0 1.5 0 -0.5 0 0.20828457760535116 0.0076404931761488871
16 16 0.0625 4 0 1 0 0.5 0 0.5 0.21209436763819811 0.0071353980488491949
16 16 0.0625 5 1 1 0.5 0.5 0.5 0.5 0.31158779362634392 0.0097229395215631658
16 16 0.0625 6 2 1 1 0.5 1 0.5 0.40018342293562392 0.0075027317311378962
16 16 0.0625 7 3 1 1.5 0.5 -0.5 0.5 0.32885317028128447 0.0073855673461141616
16 16 0.0625 8 0 2 0 1 0 1 0.33161405388185466 0.010768180726398825
16 16 0.0625 9 1 2 0.5 1 0.5 1 0.4161935301087224 0.0080516115231968489
16 16 0.0625 10 2 2 1 1 1 1 1.7623374625752022 0.033337143433990787
16 16 0.0625 11 3 2 1.5 1 -0.5 1 0.41619353010872223 0.0080516115231968367
16 16 0.0625 12 0 3 0 1.5 0 -0.5 0.21209436763819803 0.0071353980488491984
16 16 0.0625 13 1 3 0.5 1.5 0.5 -0.5 0.32885317028128452 0.0073855673461141564
16 16 0.0625 14 2 3 1 1.5 1 -0.5 0.40018342293562359 0.007502731731137878
16 16 0.0625 15 3 3 1.5 1.5 -0.5 -0.5 0.31158779362634409 0.0097229395215631693
