# definition=Szz(q)=N^-1 sum_ij exp[-iq.(ri-rj)] <Szi Szj>
# spin_operator=Szi=(n_up-n_down)/2 factor3_applied=0
# lattice=square Lx=4 Ly=4 n=16 pbc=1 t=-1 U=4 mu=2 dtau=0.10000000000000001
# szz_q=all seed=419422924609538775 parallel=serial nrep=1 bins=20 nbeta=1
# beta_requested beta T q_index mx my qx_over_pi qy_over_pi qx_folded_over_pi qy_folded_over_pi Szz dSzz
16 16 0.0625 0 0 0 0 0 0 0 0.0098489614631227067 0.0029807513380665251
16 16 0.0625 1 1 0 0.5 0 0.5 0 0.10718127640913669 0.0015646391773666423
16 16 0.0625 2 2 0 1 0 1 0 0.15625846457981801 0.0026421764327077268
16 16 0.0625 3 3 0 1.5 0 -0.5 0 0.10718127640913669 0.001564639177366636
16 16 0.0625 4 0 1 0 0.5 0 0.5 0.10815954977577695 0.001214310758469943
16 16 0.0625 5 1 1 0.5 0.5 0.5 0.5 0.15947582674139102 0.0024035861209693306
16 16 0.0625 6 2 1 1 0.5 1 0.5 0.20261435540431383 0.0021533192242385794
16 16 0.0625 7 3 1 1.5 0.5 -0.5 0.5 0.15878082189550974 0.0022432642387445307
16 16 0.0625 8 0 2 0 1 0 1 0.15935585525450285 0.0025122517562393711
16 16 0.0625 9 1 2 0.5 1 0.5 1 0.20452718801296238 0.0019995199752010839
16 16 0.0625 10 2 2 1 1 1 1 0.88971317364204661 0.026484305017201018
16 16 0.0625 11 3 2 1.5 1 -0.5 1 0.20452718801296227 0.0019995199752010765
16 16 0.0625 12 0 3 0 1.5 0 -0.5 0.10815954977577695 0.0012143107584699445
16 16 0.0625 13 1 3 0.5 1.5 0.5 -0.5 0.15878082189550974 0.0022432642387445242
16 16 0.0625 14 2 3 1 1.5 1 -0.5 0.20261435540431366 0.0021533192242385816
16 16 0.0625 15 3 3 1.5 1.5 -0.5 -0.5 0.15947582674139119 0.0024035861209693314
