# definition=Sperp(q)=N^-1 sum_ij exp[-iq.(ri-rj)] <Sxi Sxj + Syi Syj>
# ladder_definition=Sperp(q)=0.5*(S+-(q)+S-+(q)); Splus=Sx+iSy
# su2_relation=ensemble Sperp(q)=2*Szz(q) at any dtau for the current SU(2)-invariant model
# hs_caveat=individual spin-channel-HS samples select the z axis; equality is restored by ensemble averaging
# lattice=square Lx=4 Ly=4 n=16 pbc=1 t=-1 U=4 mu=2 dtau=0.025000000000000001
# sperp_q=all seed=6040465081985720546 parallel=serial nrep=1 bins=20 nbeta=1
# beta_requested beta T q_index mx my qx_over_pi qy_over_pi qx_folded_over_pi qy_folded_over_pi Sperp dSperp
8 8 0.125 0 0 0 0 0 0 0 0.038077360429385067 0.018552523859723263
8 8 0.125 1 1 0 0.5 0 0.5 0 0.21115074305320328 0.0085149140435552967
8 8 0.125 2 2 0 1 0 1 0 0.32879408492105217 0.01571477442628022
8 8 0.125 3 3 0 1.5 0 -0.5 0 0.21115074305320328 0.0085149140435552967
8 8 0.125 4 0 1 0 0.5 0 0.5 0.22580292273449393 0.012443614089223141
8 8 0.125 5 1 1 0.5 0.5 0.5 0.5 0.32538564706676226 0.0081301095047001948
8 8 0.125 6 2 1 1 0.5 1 0.5 0.3987176247999682 0.0114317402514121
8 8 0.125 7 3 1 1.5 0.5 -0.5 0.5 0.31851540207937029 0.008448660093772065
8 8 0.125 8 0 2 0 1 0 1 0.30281686052167539 0.018083945743857018
8 8 0.125 9 1 2 0.5 1 0.5 1 0.40489462117286246 0.0077139052035135897
8 8 0.125 10 2 2 1 1 1 1 1.6891590812296762 0.035872761160474387
8 8 0.125 11 3 2 1.5 1 -0.5 1 0.40489462117286223 0.0077139052035135949
8 8 0.125 12 0 3 0 1.5 0 -0.5 0.2258029227344939 0.012443614089223126
8 8 0.125 13 1 3 0.5 1.5 0.5 -0.5 0.31851540207937024 0.0084486600937720424
8 8 0.125 14 2 3 1 1.5 1 -0.5 0.39871762479996781 0.01143174025141212
8 8 0.125 15 3 3 1.5 1.5 -0.5 -0.5 0.32538564706676254 0.0081301095047001618
