# definition=Szz(q)=N^-1 sum_ij exp[-iq.(ri-rj)] <Szi Szj>
# spin_operator=Szi=(n_up-n_down)/2 factor3_applied=0
# lattice=square Lx=4 Ly=4 n=16 pbc=1 t=-1 U=4 mu=2 dtau=0.025000000000000001
# szz_q=all seed=6040465081985720546 parallel=serial nrep=1 bins=20 nbeta=1
# beta_requested beta T q_index mx my qx_over_pi qy_over_pi qx_folded_over_pi qy_folded_over_pi Szz dSzz
8 8 0.125 0 0 0 0 0 0 0 0.02904275144337206 0.0011267733736809761
8 8 0.125 1 1 0 0.5 0 0.5 0 0.10712231217862007 0.0007205232317658714
8 8 0.125 2 2 0 1 0 1 0 0.1593941049303646 0.0015371670925251972
8 8 0.125 3 3 0 1.5 0 -0.5 0 0.10712231217862005 0.0007205232317658637
8 8 0.125 4 0 1 0 0.5 0 0.5 0.10670552303229694 0.00091553754558210555
8 8 0.125 5 1 1 0.5 0.5 0.5 0.5 0.15838759863728874 0.001976086914936402
8 8 0.125 6 2 1 1 0.5 1 0.5 0.20258110201909138 0.0013460134792990133
8 8 0.125 7 3 1 1.5 0.5 -0.5 0.5 0.15961703652634701 0.0014849872350850125
8 8 0.125 8 0 2 0 1 0 1 0.15818995476347053 0.0020297042811022936
8 8 0.125 9 1 2 0.5 1 0.5 1 0.20233975856058897 0.0017303476715598831
8 8 0.125 10 2 2 1 1 1 1 0.84375718141188183 0.015487902584526973
8 8 0.125 11 3 2 1.5 1 -0.5 1 0.20233975856058878 0.0017303476715598695
8 8 0.125 12 0 3 0 1.5 0 -0.5 0.10670552303229694 0.00091553754558210555
8 8 0.125 13 1 3 0.5 1.5 0.5 -0.5 0.15961703652634701 0.0014849872350850013
8 8 0.125 14 2 3 1 1.5 1 -0.5 0.20258110201909121 0.0013460134792990163
8 8 0.125 15 3 3 1.5 1.5 -0.5 -0.5 0.15838759863728885 0.0019760869149363963
