# definition=Sperp(q)=N^-1 sum_ij exp[-iq.(ri-rj)] <Sxi Sxj + Syi Syj>
# ladder_definition=Sperp(q)=0.5*(S+-(q)+S-+(q)); Splus=Sx+iSy
# su2_relation=ensemble Sperp(q)=2*Szz(q) at any dtau for the current SU(2)-invariant model
# hs_caveat=individual spin-channel-HS samples select the z axis; equality is restored by ensemble averaging
# lattice=square Lx=4 Ly=4 n=16 pbc=1 t=-1 U=4 mu=2 dtau=0.050000000000000003
# sperp_q=all seed=13827579510352260762 parallel=serial nrep=1 bins=20 nbeta=1
# beta_requested beta T q_index mx my qx_over_pi qy_over_pi qx_folded_over_pi qy_folded_over_pi Sperp dSperp
16 16 0.0625 0 0 0 0 0 0 0 0.033353200960508152 0.018949550318351282
16 16 0.0625 1 1 0 0.5 0 0.5 0 0.19821669132800063 0.013265025399597521
16 16 0.0625 2 2 0 1 0 1 0 0.35413503637057664 0.017138300361362824
16 16 0.0625 3 3 0 1.5 0 -0.5 0 0.19821669132800052 0.013265025399597494
16 16 0.0625 4 0 1 0 0.5 0 0.5 0.22547479338544613 0.015466751497543585
16 16 0.0625 5 1 1 0.5 0.5 0.5 0.5 0.33713948631938739 0.018314687730092118
16 16 0.0625 6 2 1 1 0.5 1 0.5 0.36854363467013229 0.021494020402902256
16 16 0.0625 7 3 1 1.5 0.5 -0.5 0.5 0.3164572553731787 0.015395689295153416
16 16 0.0625 8 0 2 0 1 0 1 0.31926053206306992 0.018484012588341009
16 16 0.0625 9 1 2 0.5 1 0.5 1 0.40233679548153589 0.016163665552214244
16 16 0.0625 10 2 2 1 1 1 1 1.7622099216065503 0.046398516502843573
16 16 0.0625 11 3 2 1.5 1 -0.5 1 0.40233679548153561 0.016163665552214233
16 16 0.0625 12 0 3 0 1.5 0 -0.5 0.2254747933854461 0.015466751497543561
16 16 0.0625 13 1 3 0.5 1.5 0.5 -0.5 0.3164572553731787 0.015395689295153432
16 16 0.0625 14 2 3 1 1.5 1 -0.5 0.36854363467013196 0.021494020402902238
16 16 0.0625 15 3 3 1.5 1.5 -0.5 -0.5 0.33713948631938773 0.018314687730092153
