# definition=Szz(q)=N^-1 sum_ij exp[-iq.(ri-rj)] <Szi Szj>
# spin_operator=Szi=(n_up-n_down)/2 factor3_applied=0
# lattice=square Lx=4 Ly=4 n=16 pbc=1 t=-1 U=4 mu=2 dtau=0.050000000000000003
# szz_q=all seed=13827579510352260762 parallel=serial nrep=1 bins=20 nbeta=1
# beta_requested beta T q_index mx my qx_over_pi qy_over_pi qx_folded_over_pi qy_folded_over_pi Szz dSzz
16 16 0.0625 0 0 0 0 0 0 0 0.008730674822275266 0.0029559937742734371
16 16 0.0625 1 1 0 0.5 0 0.5 0 0.1062556178009469 0.0012453797755685981
16 16 0.0625 2 2 0 1 0 1 0 0.1570299820313063 0.0031088578693665237
16 16 0.0625 3 3 0 1.5 0 -0.5 0 0.10625561780094686 0.0012453797755685959
16 16 0.0625 4 0 1 0 0.5 0 0.5 0.10611062416647714 0.0011502519077501076
16 16 0.0625 5 1 1 0.5 0.5 0.5 0.5 0.15607617543463276 0.0023738756453900024
16 16 0.0625 6 2 1 1 0.5 1 0.5 0.20304269479626802 0.0019101826562349386
16 16 0.0625 7 3 1 1.5 0.5 -0.5 0.5 0.15646378689125706 0.0022546199663976028
16 16 0.0625 8 0 2 0 1 0 1 0.15637296119872279 0.0028017782044965408
16 16 0.0625 9 1 2 0.5 1 0.5 1 0.2007819147000352 0.0021723754275660011
16 16 0.0625 10 2 2 1 1 1 1 0.90305275642649507 0.027687566732759048
16 16 0.0625 11 3 2 1.5 1 -0.5 1 0.20078191470003506 0.002172375427566028
16 16 0.0625 12 0 3 0 1.5 0 -0.5 0.1061106241664771 0.0011502519077501172
16 16 0.0625 13 1 3 0.5 1.5 0.5 -0.5 0.15646378689125706 0.0022546199663976093
16 16 0.0625 14 2 3 1 1.5 1 -0.5 0.20304269479626785 0.0019101826562349402
16 16 0.0625 15 3 3 1.5 1.5 -0.5 -0.5 0.15607617543463287 0.0023738756453899668
