# definition=Sperp(q)=N^-1 sum_ij exp[-iq.(ri-rj)] <Sxi Sxj + Syi Syj>
# ladder_definition=Sperp(q)=0.5*(S+-(q)+S-+(q)); Splus=Sx+iSy
# su2_relation=ensemble Sperp(q)=2*Szz(q) at any dtau for the current SU(2)-invariant model
# hs_caveat=individual spin-channel-HS samples select the z axis; equality is restored by ensemble averaging
# lattice=square Lx=4 Ly=4 n=16 pbc=1 t=-1 U=4 mu=2 dtau=0.050000000000000003
# sperp_q=all seed=16340242564217869159 parallel=serial nrep=1 bins=20 nbeta=1
# beta_requested beta T q_index mx my qx_over_pi qy_over_pi qx_folded_over_pi qy_folded_over_pi Sperp dSperp
8 8 0.125 0 0 0 0 0 0 0 0.059852296242300804 0.012943782979467527
8 8 0.125 1 1 0 0.5 0 0.5 0 0.21346552892719645 0.0097395462899696143
8 8 0.125 2 2 0 1 0 1 0 0.29961502834430787 0.022689534813513337
8 8 0.125 3 3 0 1.5 0 -0.5 0 0.21346552892719642 0.0097395462899696021
8 8 0.125 4 0 1 0 0.5 0 0.5 0.23567097932512654 0.01408234104393063
8 8 0.125 5 1 1 0.5 0.5 0.5 0.5 0.32429761210956981 0.010043585346418516
8 8 0.125 6 2 1 1 0.5 1 0.5 0.40256025374024001 0.013088712701663133
8 8 0.125 7 3 1 1.5 0.5 -0.5 0.5 0.28841605121490121 0.0088579081685582206
8 8 0.125 8 0 2 0 1 0 1 0.31140986592065717 0.018162288193995249
8 8 0.125 9 1 2 0.5 1 0.5 1 0.40644554031522506 0.0095161263505838672
8 8 0.125 10 2 2 1 1 1 1 1.7318614209019436 0.049260261344382286
8 8 0.125 11 3 2 1.5 1 -0.5 1 0.40644554031522473 0.0095161263505838603
8 8 0.125 12 0 3 0 1.5 0 -0.5 0.23567097932512651 0.014082341043930642
8 8 0.125 13 1 3 0.5 1.5 0.5 -0.5 0.28841605121490116 0.0088579081685582015
8 8 0.125 14 2 3 1 1.5 1 -0.5 0.40256025374023985 0.013088712701663152
8 8 0.125 15 3 3 1.5 1.5 -0.5 -0.5 0.32429761210957009 0.010043585346418516
