# definition=Szz(q)=N^-1 sum_ij exp[-iq.(ri-rj)] <Szi Szj>
# spin_operator=Szi=(n_up-n_down)/2 factor3_applied=0
# lattice=square Lx=4 Ly=4 n=16 pbc=1 t=-1 U=4 mu=2 dtau=0.050000000000000003
# szz_q=all seed=16340242564217869159 parallel=serial nrep=1 bins=20 nbeta=1
# beta_requested beta T q_index mx my qx_over_pi qy_over_pi qx_folded_over_pi qy_folded_over_pi Szz dSzz
8 8 0.125 0 0 0 0 0 0 0 0.029567482008106993 0.0016675317249896168
8 8 0.125 1 1 0 0.5 0 0.5 0 0.10644350881476028 0.001569404403652703
8 8 0.125 2 2 0 1 0 1 0 0.15570724939904071 0.0021318515353945864
8 8 0.125 3 3 0 1.5 0 -0.5 0 0.10644350881476025 0.0015694044036527123
8 8 0.125 4 0 1 0 0.5 0 0.5 0.10705374483346378 0.0011986277863561344
8 8 0.125 5 1 1 0.5 0.5 0.5 0.5 0.15854442268701824 0.0024050954320036962
8 8 0.125 6 2 1 1 0.5 1 0.5 0.20380219107275002 0.0018728435025745277
8 8 0.125 7 3 1 1.5 0.5 -0.5 0.5 0.15728488893340153 0.0019001745450732087
8 8 0.125 8 0 2 0 1 0 1 0.15913410171544748 0.0021109564278968969
8 8 0.125 9 1 2 0.5 1 0.5 1 0.20311869853200837 0.0024428129913420223
8 8 0.125 10 2 2 1 1 1 1 0.85532152846746501 0.023585500696798267
8 8 0.125 11 3 2 1.5 1 -0.5 1 0.20311869853200828 0.002442812991342024
8 8 0.125 12 0 3 0 1.5 0 -0.5 0.10705374483346375 0.0011986277863561341
8 8 0.125 13 1 3 0.5 1.5 0.5 -0.5 0.15728488893340153 0.0019001745450732135
8 8 0.125 14 2 3 1 1.5 1 -0.5 0.20380219107274983 0.0018728435025745234
8 8 0.125 15 3 3 1.5 1.5 -0.5 -0.5 0.15854442268701832 0.002405095432003671
