# definition=Sperp(q)=N^-1 sum_ij exp[-iq.(ri-rj)] <Sxi Sxj + Syi Syj>
# ladder_definition=Sperp(q)=0.5*(S+-(q)+S-+(q)); Splus=Sx+iSy
# su2_relation=ensemble Sperp(q)=2*Szz(q) at any dtau for the current SU(2)-invariant model
# hs_caveat=individual spin-channel-HS samples select the z axis; equality is restored by ensemble averaging
# lattice=square Lx=4 Ly=4 n=16 pbc=1 t=-1 U=4 mu=2 dtau=0.025000000000000001
# sperp_q=all seed=3487238369802422096 parallel=serial nrep=1 bins=20 nbeta=1
# beta_requested beta T q_index mx my qx_over_pi qy_over_pi qx_folded_over_pi qy_folded_over_pi Sperp dSperp
16 16 0.0625 0 0 0 0 0 0 0 -0.037332465941357751 0.059574467169661229
16 16 0.0625 1 1 0 0.5 0 0.5 0 0.24404367445129269 0.038048318084969848
16 16 0.0625 2 2 0 1 0 1 0 0.30824863688101861 0.050288111591143152
16 16 0.0625 3 3 0 1.5 0 -0.5 0 0.2440436744512926 0.038048318084969841
16 16 0.0625 4 0 1 0 0.5 0 0.5 0.24455123935614737 0.034337314306005597
16 16 0.0625 5 1 1 0.5 0.5 0.5 0.5 0.32790392381253847 0.0081531346110345765
16 16 0.0625 6 2 1 1 0.5 1 0.5 0.38439922462880405 0.035010507995334776
16 16 0.0625 7 3 1 1.5 0.5 -0.5 0.5 0.30929860665641706 0.0086375661268399354
16 16 0.0625 8 0 2 0 1 0 1 0.31939186540277403 0.053585039279119583
16 16 0.0625 9 1 2 0.5 1 0.5 1 0.37716966772492289 0.038507577973757298
16 16 0.0625 10 2 2 1 1 1 1 1.7747305658389831 0.071954572171638476
16 16 0.0625 11 3 2 1.5 1 -0.5 1 0.37716966772492266 0.038507577973757298
16 16 0.0625 12 0 3 0 1.5 0 -0.5 0.24455123935614723 0.03433731430600559
16 16 0.0625 13 1 3 0.5 1.5 0.5 -0.5 0.30929860665641706 0.0086375661268399406
16 16 0.0625 14 2 3 1 1.5 1 -0.5 0.38439922462880377 0.035010507995334762
16 16 0.0625 15 3 3 1.5 1.5 -0.5 -0.5 0.3279039238125388 0.0081531346110346181
