# definition=Szz(q)=N^-1 sum_ij exp[-iq.(ri-rj)] <Szi Szj>
# spin_operator=Szi=(n_up-n_down)/2 factor3_applied=0
# lattice=square Lx=4 Ly=4 n=16 pbc=1 t=-1 U=4 mu=2 dtau=0.025000000000000001
# szz_q=all seed=3487238369802422096 parallel=serial nrep=1 bins=20 nbeta=1
# beta_requested beta T q_index mx my qx_over_pi qy_over_pi qx_folded_over_pi qy_folded_over_pi Szz dSzz
16 16 0.0625 0 0 0 0 0 0 0 0.007181247680138325 0.0019036286631084766
16 16 0.0625 1 1 0 0.5 0 0.5 0 0.10713952676862967 0.0010486272094699246
16 16 0.0625 2 2 0 1 0 1 0 0.15652322427515813 0.0016267491172239879
16 16 0.0625 3 3 0 1.5 0 -0.5 0 0.10713952676862966 0.0010486272094699246
16 16 0.0625 4 0 1 0 0.5 0 0.5 0.1072638237780295 0.001055197357175863
16 16 0.0625 5 1 1 0.5 0.5 0.5 0.5 0.15868184046872819 0.0018724461788880253
16 16 0.0625 6 2 1 1 0.5 1 0.5 0.20323039974293922 0.0016523456995754704
16 16 0.0625 7 3 1 1.5 0.5 -0.5 0.5 0.15721127879189165 0.0013141361108433901
16 16 0.0625 8 0 2 0 1 0 1 0.15667872833761359 0.002125135768195729
16 16 0.0625 9 1 2 0.5 1 0.5 1 0.19982596183147128 0.001385971925580384
16 16 0.0625 10 2 2 1 1 1 1 0.88279677466454287 0.018351750382749315
16 16 0.0625 11 3 2 1.5 1 -0.5 1 0.19982596183147111 0.001385971925580358
16 16 0.0625 12 0 3 0 1.5 0 -0.5 0.10726382377802948 0.0010551973571758656
16 16 0.0625 13 1 3 0.5 1.5 0.5 -0.5 0.15721127879189165 0.0013141361108433933
16 16 0.0625 14 2 3 1 1.5 1 -0.5 0.20323039974293899 0.0016523456995754728
16 16 0.0625 15 3 3 1.5 1.5 -0.5 -0.5 0.1586818404687283 0.0018724461788880344
