# definition=Sperp(q)=N^-1 sum_ij exp[-iq.(ri-rj)] <Sxi Sxj + Syi Syj>
# ladder_definition=Sperp(q)=0.5*(S+-(q)+S-+(q)); Splus=Sx+iSy
# su2_relation=ensemble Sperp(q)=2*Szz(q) at any dtau for the current SU(2)-invariant model
# hs_caveat=individual spin-channel-HS samples select the z axis; equality is restored by ensemble averaging
# lattice=square Lx=4 Ly=4 n=16 pbc=1 t=-1 U=4 mu=2 dtau=0.10000000000000001
# sperp_q=all seed=4281580843358485413 parallel=serial nrep=1 bins=20 nbeta=1
# beta_requested beta T q_index mx my qx_over_pi qy_over_pi qx_folded_over_pi qy_folded_over_pi Sperp dSperp
8 8 0.125 0 0 0 0 0 0 0 0.057234106072430714 0.075553115975183799
8 8 0.125 1 1 0 0.5 0 0.5 0 0.21346829484479618 0.02496166501590669
8 8 0.125 2 2 0 1 0 1 0 0.39346942689123382 0.061521557649925313
8 8 0.125 3 3 0 1.5 0 -0.5 0 0.21346829484479607 0.024961665015906673
8 8 0.125 4 0 1 0 0.5 0 0.5 0.1684627005079106 0.026494155612130362
8 8 0.125 5 1 1 0.5 0.5 0.5 0.5 0.23973019347286537 0.059915951708909815
8 8 0.125 6 2 1 1 0.5 1 0.5 0.41660978804708992 0.016707864688361346
8 8 0.125 7 3 1 1.5 0.5 -0.5 0.5 0.27385023722812091 0.026445854069222244
8 8 0.125 8 0 2 0 1 0 1 0.32567948849323625 0.024440313886435031
8 8 0.125 9 1 2 0.5 1 0.5 1 0.4378801710460456 0.024886398167597662
8 8 0.125 10 2 2 1 1 1 1 1.9745561842043842 0.17899808183607699
8 8 0.125 11 3 2 1.5 1 -0.5 1 0.43788017104604532 0.024886398167597686
8 8 0.125 12 0 3 0 1.5 0 -0.5 0.16846270050791057 0.026494155612130359
8 8 0.125 13 1 3 0.5 1.5 0.5 -0.5 0.27385023722812091 0.026445854069222202
8 8 0.125 14 2 3 1 1.5 1 -0.5 0.41660978804708959 0.016707864688361378
8 8 0.125 15 3 3 1.5 1.5 -0.5 -0.5 0.23973019347286564 0.059915951708909773
