# definition=Szz(q)=N^-1 sum_ij exp[-iq.(ri-rj)] <Szi Szj>
# spin_operator=Szi=(n_up-n_down)/2 factor3_applied=0
# lattice=square Lx=4 Ly=4 n=16 pbc=1 t=-1 U=4 mu=2 dtau=0.10000000000000001
# szz_q=all seed=4281580843358485413 parallel=serial nrep=1 bins=20 nbeta=1
# beta_requested beta T q_index mx my qx_over_pi qy_over_pi qx_folded_over_pi qy_folded_over_pi Szz dSzz
8 8 0.125 0 0 0 0 0 0 0 0.029055829939724442 0.0021719454292906315
8 8 0.125 1 1 0 0.5 0 0.5 0 0.10739494878964298 0.0011485071537496666
8 8 0.125 2 2 0 1 0 1 0 0.15979840176846524 0.0056136159558045247
8 8 0.125 3 3 0 1.5 0 -0.5 0 0.10739494878964295 0.0011485071537496601
8 8 0.125 4 0 1 0 0.5 0 0.5 0.10892358619763612 0.0028887469087584801
8 8 0.125 5 1 1 0.5 0.5 0.5 0.5 0.15589010366461356 0.0019703866641859339
8 8 0.125 6 2 1 1 0.5 1 0.5 0.20494163218115397 0.0030752210503984306
8 8 0.125 7 3 1 1.5 0.5 -0.5 0.5 0.15839756913282893 0.0032859526348877916
8 8 0.125 8 0 2 0 1 0 1 0.16084697931474193 0.0043767568875672062
8 8 0.125 9 1 2 0.5 1 0.5 1 0.20507584801202552 0.0022076698334156002
8 8 0.125 10 2 2 1 1 1 1 0.89452240099873781 0.02324375750631897
8 8 0.125 11 3 2 1.5 1 -0.5 1 0.20507584801202533 0.0022076698334155937
8 8 0.125 12 0 3 0 1.5 0 -0.5 0.10892358619763612 0.0028887469087584697
8 8 0.125 13 1 3 0.5 1.5 0.5 -0.5 0.15839756913282893 0.0032859526348877916
8 8 0.125 14 2 3 1 1.5 1 -0.5 0.20494163218115377 0.0030752210503984419
8 8 0.125 15 3 3 1.5 1.5 -0.5 -0.5 0.1558901036646137 0.0019703866641859334
