# definition=Sperp(q)=N^-1 sum_ij exp[-iq.(ri-rj)] <Sxi Sxj + Syi Syj>
# ladder_definition=Sperp(q)=0.5*(S+-(q)+S-+(q)); Splus=Sx+iSy
# su2_relation=ensemble Sperp(q)=2*Szz(q) at any dtau for the current SU(2)-invariant model
# hs_caveat=individual spin-channel-HS samples select the z axis; equality is restored by ensemble averaging
# lattice=square Lx=4 Ly=4 n=16 bc_x=antiperiodic bc_y=periodic t=-1 U=4 mu=2 dtau=0.10000000000000001
# sperp_q=all seed=18057010855429504598 parallel=serial nrep=1 bins=20 nbeta=1
# beta_requested beta T q_index mx my qx_over_pi qy_over_pi qx_folded_over_pi qy_folded_over_pi Sperp dSperp
4 4 0.25 0 0 0 0 0 0 0 0.04144582624689757 0.0029716489960141187
4 4 0.25 1 1 0 0.5 0 0.5 0 0.18139254468723334 0.0029368177865411612
4 4 0.25 2 2 0 1 0 1 0 0.37241093136596282 0.0025124815304495567
4 4 0.25 3 3 0 1.5 0 -0.5 0 0.18139254468723331 0.0029368177865411538
4 4 0.25 4 0 1 0 0.5 0 0.5 0.27773976946952156 0.0035573007657980988
4 4 0.25 5 1 1 0.5 0.5 0.5 0.5 0.32270462053646792 0.0037176211527107177
4 4 0.25 6 2 1 1 0.5 1 0.5 0.35906553013067183 0.0039622162446592392
4 4 0.25 7 3 1 1.5 0.5 -0.5 0.5 0.31740558077695719 0.0039401460603347765
4 4 0.25 8 0 2 0 1 0 1 0.2612903100770621 0.0039087408354788336
4 4 0.25 9 1 2 0.5 1 0.5 1 0.49366692438986048 0.0029640352717511379
4 4 0.25 10 2 2 1 1 1 1 1.1888982228328957 0.0081685709351291703
4 4 0.25 11 3 2 1.5 1 -0.5 1 0.49366692438986026 0.0029640352717511705
4 4 0.25 12 0 3 0 1.5 0 -0.5 0.2777397694695215 0.0035573007657980706
4 4 0.25 13 1 3 0.5 1.5 0.5 -0.5 0.31740558077695713 0.0039401460603348225
4 4 0.25 14 2 3 1 1.5 1 -0.5 0.35906553013067155 0.003962216244659254
4 4 0.25 15 3 3 1.5 1.5 -0.5 -0.5 0.32270462053646798 0.0037176211527107502
