# definition=Szz(q)=N^-1 sum_ij exp[-iq.(ri-rj)] <Szi Szj>
# spin_operator=Szi=(n_up-n_down)/2 factor3_applied=0
# lattice=square Lx=4 Ly=4 n=16 bc_x=antiperiodic bc_y=periodic t=-1 U=4 mu=2 dtau=0.10000000000000001
# szz_q=all seed=18057010855429504598 parallel=serial nrep=1 bins=20 nbeta=1
# beta_requested beta T q_index mx my qx_over_pi qy_over_pi qx_folded_over_pi qy_folded_over_pi Szz dSzz
4 4 0.25 0 0 0 0 0 0 0 0.019919918514053465 0.00032408371733386719
4 4 0.25 1 1 0 0.5 0 0.5 0 0.092339316879551367 0.00050908211866939734
4 4 0.25 2 2 0 1 0 1 0 0.18431838586324484 0.0010237513363994645
4 4 0.25 3 3 0 1.5 0 -0.5 0 0.092339316879551325 0.00050908211866938714
4 4 0.25 4 0 1 0 0.5 0 0.5 0.13940091846804287 0.00067604324362448374
4 4 0.25 5 1 1 0.5 0.5 0.5 0.5 0.15924596629355817 0.0006285531798697157
4 4 0.25 6 2 1 1 0.5 1 0.5 0.181385446248882 0.00052814524582136526
4 4 0.25 7 3 1 1.5 0.5 -0.5 0.5 0.15834509605747016 0.00061664654356999131
4 4 0.25 8 0 2 0 1 0 1 0.13070405812178948 0.00056855927646894361
4 4 0.25 9 1 2 0.5 1 0.5 1 0.24463033158014863 0.00096039550062567748
4 4 0.25 10 2 2 1 1 1 1 0.59836110169772716 0.0042501132086324471
4 4 0.25 11 3 2 1.5 1 -0.5 1 0.24463033158014849 0.00096039550062567878
4 4 0.25 12 0 3 0 1.5 0 -0.5 0.13940091846804284 0.0006760432436244755
4 4 0.25 13 1 3 0.5 1.5 0.5 -0.5 0.1583450960574701 0.00061664654357000204
4 4 0.25 14 2 3 1 1.5 1 -0.5 0.18138544624888189 0.00052814524582138532
4 4 0.25 15 3 3 1.5 1.5 -0.5 -0.5 0.15924596629355822 0.00062855317986971625
