# definition=Sperp(q)=N^-1 sum_ij exp[-iq.(ri-rj)] <Sxi Sxj + Syi Syj>
# ladder_definition=Sperp(q)=0.5*(S+-(q)+S-+(q)); Splus=Sx+iSy
# su2_relation=ensemble Sperp(q)=2*Szz(q) at any dtau for the current SU(2)-invariant model
# hs_caveat=individual spin-channel-HS samples select the z axis; equality is restored by ensemble averaging
# lattice=square Lx=4 Ly=4 n=16 bc_x=antiperiodic bc_y=periodic t=-1 U=4 mu=2 dtau=0.10000000000000001
# sperp_q=all seed=10404129282694287992 parallel=serial nrep=1 bins=20 nbeta=1
# beta_requested beta T q_index mx my qx_over_pi qy_over_pi qx_folded_over_pi qy_folded_over_pi Sperp dSperp
4 4 0.25 0 0 0 0 0 0 0 0.032889739539316246 0.011790226598450573
4 4 0.25 1 1 0 0.5 0 0.5 0 0.1831202306845236 0.0038852620662660664
4 4 0.25 2 2 0 1 0 1 0 0.37061587988662953 0.0034024912214984855
4 4 0.25 3 3 0 1.5 0 -0.5 0 0.18312023068452354 0.0038852620662660868
4 4 0.25 4 0 1 0 0.5 0 0.5 0.28015716910909216 0.0031363569664158938
4 4 0.25 5 1 1 0.5 0.5 0.5 0.5 0.31677689524734121 0.0047803618131258769
4 4 0.25 6 2 1 1 0.5 1 0.5 0.35368082726740774 0.0059326858034594188
4 4 0.25 7 3 1 1.5 0.5 -0.5 0.5 0.31494540779106911 0.0035229116171108165
4 4 0.25 8 0 2 0 1 0 1 0.2579091766883409 0.004278144299718397
4 4 0.25 9 1 2 0.5 1 0.5 1 0.50022764479432846 0.0061477036777696312
4 4 0.25 10 2 2 1 1 1 1 1.2053625402855244 0.025344888862037757
4 4 0.25 11 3 2 1.5 1 -0.5 1 0.50022764479432835 0.0061477036777696781
4 4 0.25 12 0 3 0 1.5 0 -0.5 0.28015716910909205 0.0031363569664159124
4 4 0.25 13 1 3 0.5 1.5 0.5 -0.5 0.31494540779106905 0.003522911617110853
4 4 0.25 14 2 3 1 1.5 1 -0.5 0.35368082726740757 0.0059326858034594136
4 4 0.25 15 3 3 1.5 1.5 -0.5 -0.5 0.31677689524734137 0.004780361813125837
