# definition=Szz(q)=N^-1 sum_ij exp[-iq.(ri-rj)] <Szi Szj>
# spin_operator=Szi=(n_up-n_down)/2 factor3_applied=0
# lattice=square Lx=4 Ly=4 n=16 bc_x=antiperiodic bc_y=periodic t=-1 U=4 mu=2 dtau=0.10000000000000001
# szz_q=all seed=10404129282694287992 parallel=serial nrep=1 bins=20 nbeta=1
# beta_requested beta T q_index mx my qx_over_pi qy_over_pi qx_folded_over_pi qy_folded_over_pi Szz dSzz
4 4 0.25 0 0 0 0 0 0 0 0.020402165790830814 0.00020961060311609455
4 4 0.25 1 1 0 0.5 0 0.5 0 0.093439959393133376 0.00055569737150690007
4 4 0.25 2 2 0 1 0 1 0 0.18300390375521625 0.0012645417101662937
4 4 0.25 3 3 0 1.5 0 -0.5 0 0.093439959393133376 0.00055569737150690062
4 4 0.25 4 0 1 0 0.5 0 0.5 0.13906393030979555 0.00075549152830891382
4 4 0.25 5 1 1 0.5 0.5 0.5 0.5 0.15935208687916369 0.00057866565972131926
4 4 0.25 6 2 1 1 0.5 1 0.5 0.18101450432233515 0.00064548143075716339
4 4 0.25 7 3 1 1.5 0.5 -0.5 0.5 0.15921028388912056 0.00065654545880015317
4 4 0.25 8 0 2 0 1 0 1 0.12945374670506093 0.00056687731975996604
4 4 0.25 9 1 2 0.5 1 0.5 1 0.2451445521935979 0.0010114559736174602
4 4 0.25 10 2 2 1 1 1 1 0.5949863928682676 0.0044844165092297363
4 4 0.25 11 3 2 1.5 1 -0.5 1 0.24514455219359782 0.0010114559736174495
4 4 0.25 12 0 3 0 1.5 0 -0.5 0.13906393030979552 0.00075549152830891783
4 4 0.25 13 1 3 0.5 1.5 0.5 -0.5 0.15921028388912045 0.00065654545880019166
4 4 0.25 14 2 3 1 1.5 1 -0.5 0.18101450432233496 0.00064548143075715905
4 4 0.25 15 3 3 1.5 1.5 -0.5 -0.5 0.15935208687916375 0.00057866565972131698
