# definition=Sperp(q)=N^-1 sum_ij exp[-iq.(ri-rj)] <Sxi Sxj + Syi Syj>
# ladder_definition=Sperp(q)=0.5*(S+-(q)+S-+(q)); Splus=Sx+iSy
# su2_relation=ensemble Sperp(q)=2*Szz(q) at any dtau for the current SU(2)-invariant model
# hs_caveat=individual spin-channel-HS samples select the z axis; equality is restored by ensemble averaging
# lattice=square Lx=4 Ly=4 n=16 pbc=1 t=-1 U=4 mu=2 dtau=0.025000000000000001
# sperp_q=all seed=17900417765664474405 parallel=serial nrep=1 bins=20 nbeta=1
# beta_requested beta T q_index mx my qx_over_pi qy_over_pi qx_folded_over_pi qy_folded_over_pi Sperp dSperp
16 16 0.0625 0 0 0 0 0 0 0 0.0268767617241902 0.013921098822168488
16 16 0.0625 1 1 0 0.5 0 0.5 0 0.20731654117802778 0.0079923490805884241
16 16 0.0625 2 2 0 1 0 1 0 0.3135073171031012 0.0076466832615136003
16 16 0.0625 3 3 0 1.5 0 -0.5 0 0.20731654117802778 0.007992349080588431
16 16 0.0625 4 0 1 0 0.5 0 0.5 0.20445573647481646 0.0061586880607781176
16 16 0.0625 5 1 1 0.5 0.5 0.5 0.5 0.3132198779887968 0.0078391125104829689
16 16 0.0625 6 2 1 1 0.5 1 0.5 0.42105604906384392 0.009763432094600507
16 16 0.0625 7 3 1 1.5 0.5 -0.5 0.5 0.31413041484314641 0.0081602136937676487
16 16 0.0625 8 0 2 0 1 0 1 0.33346588995117876 0.011625015679280702
16 16 0.0625 9 1 2 0.5 1 0.5 1 0.42037631607255921 0.0087884599822204354
16 16 0.0625 10 2 2 1 1 1 1 1.7045120457855512 0.033032317818892758
16 16 0.0625 11 3 2 1.5 1 -0.5 1 0.42037631607255904 0.0087884599822205169
16 16 0.0625 12 0 3 0 1.5 0 -0.5 0.20445573647481638 0.0061586880607781063
16 16 0.0625 13 1 3 0.5 1.5 0.5 -0.5 0.31413041484314652 0.0081602136937676765
16 16 0.0625 14 2 3 1 1.5 1 -0.5 0.42105604906384358 0.0097634320946005486
16 16 0.0625 15 3 3 1.5 1.5 -0.5 -0.5 0.31321987798879702 0.0078391125104830192
