# definition=Szz(q)=N^-1 sum_ij exp[-iq.(ri-rj)] <Szi Szj>
# spin_operator=Szi=(n_up-n_down)/2 factor3_applied=0
# lattice=square Lx=4 Ly=4 n=16 pbc=1 t=-1 U=4 mu=2 dtau=0.025000000000000001
# szz_q=all seed=17900417765664474405 parallel=serial nrep=1 bins=20 nbeta=1
# beta_requested beta T q_index mx my qx_over_pi qy_over_pi qx_folded_over_pi qy_folded_over_pi Szz dSzz
16 16 0.0625 0 0 0 0 0 0 0 0.012233520188496322 0.0025667611201636888
16 16 0.0625 1 1 0 0.5 0 0.5 0 0.10747185860692476 0.0012831503948039764
16 16 0.0625 2 2 0 1 0 1 0 0.15767378940473628 0.0027876306696871791
16 16 0.0625 3 3 0 1.5 0 -0.5 0 0.10747185860692474 0.0012831503948039912
16 16 0.0625 4 0 1 0 0.5 0 0.5 0.10691681057235045 0.0012694513087979169
16 16 0.0625 5 1 1 0.5 0.5 0.5 0.5 0.15845015042948374 0.0023812270417885462
16 16 0.0625 6 2 1 1 0.5 1 0.5 0.20525814476492127 0.0020780010453077132
16 16 0.0625 7 3 1 1.5 0.5 -0.5 0.5 0.15739771000426478 0.0020941119718854853
16 16 0.0625 8 0 2 0 1 0 1 0.15788737071612743 0.0022794844554943454
16 16 0.0625 9 1 2 0.5 1 0.5 1 0.20256926819995319 0.0020349594135994679
16 16 0.0625 10 2 2 1 1 1 1 0.86581337743804476 0.027049574200976319
16 16 0.0625 11 3 2 1.5 1 -0.5 1 0.20256926819995305 0.0020349594135994752
16 16 0.0625 12 0 3 0 1.5 0 -0.5 0.10691681057235043 0.0012694513087979148
16 16 0.0625 13 1 3 0.5 1.5 0.5 -0.5 0.15739771000426481 0.002094111971885458
16 16 0.0625 14 2 3 1 1.5 1 -0.5 0.2052581447649211 0.0020780010453077314
16 16 0.0625 15 3 3 1.5 1.5 -0.5 -0.5 0.15845015042948382 0.0023812270417885653
