# definition=Sperp(q)=N^-1 sum_ij exp[-iq.(ri-rj)] <Sxi Sxj + Syi Syj>
# ladder_definition=Sperp(q)=0.5*(S+-(q)+S-+(q)); Splus=Sx+iSy
# su2_relation=ensemble Sperp(q)=2*Szz(q) at any dtau for the current SU(2)-invariant model
# hs_caveat=individual spin-channel-HS samples select the z axis; equality is restored by ensemble averaging
# lattice=square Lx=4 Ly=4 n=16 pbc=1 t=-1 U=4 mu=2 dtau=0.10000000000000001
# sperp_q=all seed=16245438322630167309 parallel=serial nrep=1 bins=20 nbeta=1
# beta_requested beta T q_index mx my qx_over_pi qy_over_pi qx_folded_over_pi qy_folded_over_pi Sperp dSperp
16 16 0.0625 0 0 0 0 0 0 0 0.039411786717430106 0.017972582849459198
16 16 0.0625 1 1 0 0.5 0 0.5 0 0.18360405984513362 0.036786059730942101
16 16 0.0625 2 2 0 1 0 1 0 0.20998353877864603 0.1040486935159067
16 16 0.0625 3 3 0 1.5 0 -0.5 0 0.18360405984513362 0.036786059730942094
16 16 0.0625 4 0 1 0 0.5 0 0.5 0.20988714167339034 0.0062811921000014859
16 16 0.0625 5 1 1 0.5 0.5 0.5 0.5 0.36629109987608616 0.027187976974256001
16 16 0.0625 6 2 1 1 0.5 1 0.5 0.41888865999221619 0.0072571568260589208
16 16 0.0625 7 3 1 1.5 0.5 -0.5 0.5 0.28200004882832691 0.032516076641387684
16 16 0.0625 8 0 2 0 1 0 1 0.29503996230862184 0.016853814139265157
16 16 0.0625 9 1 2 0.5 1 0.5 1 0.44720407496509934 0.031980402205832238
16 16 0.0625 10 2 2 1 1 1 1 1.8564530113686277 0.15966317201829472
16 16 0.0625 11 3 2 1.5 1 -0.5 1 0.44720407496509901 0.03198040220583219
16 16 0.0625 12 0 3 0 1.5 0 -0.5 0.20988714167339034 0.0062811921000014825
16 16 0.0625 13 1 3 0.5 1.5 0.5 -0.5 0.28200004882832685 0.032516076641387684
16 16 0.0625 14 2 3 1 1.5 1 -0.5 0.41888865999221581 0.0072571568260589477
16 16 0.0625 15 3 3 1.5 1.5 -0.5 -0.5 0.36629109987608632 0.027187976974256019
