# definition=Szz(q)=N^-1 sum_ij exp[-iq.(ri-rj)] <Szi Szj>
# spin_operator=Szi=(n_up-n_down)/2 factor3_applied=0
# lattice=square Lx=4 Ly=4 n=16 pbc=1 t=-1 U=4 mu=2 dtau=0.10000000000000001
# szz_q=all seed=16245438322630167309 parallel=serial nrep=1 bins=20 nbeta=1
# beta_requested beta T q_index mx my qx_over_pi qy_over_pi qx_folded_over_pi qy_folded_over_pi Szz dSzz
16 16 0.0625 0 0 0 0 0 0 0 0.010451019398860234 0.0031742555564364854
16 16 0.0625 1 1 0 0.5 0 0.5 0 0.10561532262761146 0.0014673705567191709
16 16 0.0625 2 2 0 1 0 1 0 0.15540431207521449 0.0028036638466845403
16 16 0.0625 3 3 0 1.5 0 -0.5 0 0.10561532262761145 0.0014673705567191744
16 16 0.0625 4 0 1 0 0.5 0 0.5 0.10639181325768847 0.0018801659654138145
16 16 0.0625 5 1 1 0.5 0.5 0.5 0.5 0.15564003786719122 0.0030300678847201066
16 16 0.0625 6 2 1 1 0.5 1 0.5 0.20085856790643425 0.0023488633430524025
16 16 0.0625 7 3 1 1.5 0.5 -0.5 0.5 0.15464661667955873 0.0027141267984235056
16 16 0.0625 8 0 2 0 1 0 1 0.15361963570295403 0.002733381015826744
16 16 0.0625 9 1 2 0.5 1 0.5 1 0.2009374866440031 0.0021071131014294502
16 16 0.0625 10 2 2 1 1 1 1 0.94066457762491207 0.031995519514551284
16 16 0.0625 11 3 2 1.5 1 -0.5 1 0.20093748664400296 0.0021071131014294732
16 16 0.0625 12 0 3 0 1.5 0 -0.5 0.10639181325768843 0.0018801659654138164
16 16 0.0625 13 1 3 0.5 1.5 0.5 -0.5 0.15464661667955873 0.0027141267984235056
16 16 0.0625 14 2 3 1 1.5 1 -0.5 0.20085856790643403 0.0023488633430524238
16 16 0.0625 15 3 3 1.5 1.5 -0.5 -0.5 0.15564003786719133 0.0030300678847200884
