# definition=Sperp(q)=N^-1 sum_ij exp[-iq.(ri-rj)] <Sxi Sxj + Syi Syj>
# ladder_definition=Sperp(q)=0.5*(S+-(q)+S-+(q)); Splus=Sx+iSy
# su2_relation=ensemble Sperp(q)=2*Szz(q) at any dtau for the current SU(2)-invariant model
# hs_caveat=individual spin-channel-HS samples select the z axis; equality is restored by ensemble averaging
# lattice=square Lx=4 Ly=4 n=16 pbc=1 t=-1 U=4 mu=2 dtau=0.10000000000000001
# sperp_q=all seed=12801187692563073527 parallel=serial nrep=1 bins=20 nbeta=1
# beta_requested beta T q_index mx my qx_over_pi qy_over_pi qx_folded_over_pi qy_folded_over_pi Sperp dSperp
8 8 0.125 0 0 0 0 0 0 0 0.062522745667408203 0.012223709817413156
8 8 0.125 1 1 0 0.5 0 0.5 0 0.21817439430051561 0.0052646158073861599
8 8 0.125 2 2 0 1 0 1 0 0.33107866231373773 0.012880723975404532
8 8 0.125 3 3 0 1.5 0 -0.5 0 0.21817439430051558 0.0052646158073861539
8 8 0.125 4 0 1 0 0.5 0 0.5 0.21611758534429396 0.0055894844094900586
8 8 0.125 5 1 1 0.5 0.5 0.5 0.5 0.31257645805026346 0.0078633548160345554
8 8 0.125 6 2 1 1 0.5 1 0.5 0.41543124481474331 0.007804428299304049
8 8 0.125 7 3 1 1.5 0.5 -0.5 0.5 0.31809086723976865 0.0066321944957639075
8 8 0.125 8 0 2 0 1 0 1 0.32041642558930616 0.010145335113908964
8 8 0.125 9 1 2 0.5 1 0.5 1 0.41659944588991155 0.0092538237496411907
8 8 0.125 10 2 2 1 1 1 1 1.6633959868082322 0.035540522890814316
8 8 0.125 11 3 2 1.5 1 -0.5 1 0.41659944588991121 0.0092538237496412254
8 8 0.125 12 0 3 0 1.5 0 -0.5 0.21611758534429387 0.0055894844094900543
8 8 0.125 13 1 3 0.5 1.5 0.5 -0.5 0.3180908672397687 0.0066321944957639283
8 8 0.125 14 2 3 1 1.5 1 -0.5 0.41543124481474303 0.007804428299304049
8 8 0.125 15 3 3 1.5 1.5 -0.5 -0.5 0.31257645805026357 0.0078633548160345727
