# definition=Szz(q)=N^-1 sum_ij exp[-iq.(ri-rj)] <Szi Szj>
# spin_operator=Szi=(n_up-n_down)/2 factor3_applied=0
# lattice=square Lx=4 Ly=4 n=16 pbc=1 t=-1 U=4 mu=2 dtau=0.10000000000000001
# szz_q=all seed=12801187692563073527 parallel=serial nrep=1 bins=20 nbeta=1
# beta_requested beta T q_index mx my qx_over_pi qy_over_pi qx_folded_over_pi qy_folded_over_pi Szz dSzz
8 8 0.125 0 0 0 0 0 0 0 0.02967554325658776 0.0014375043463200289
8 8 0.125 1 1 0 0.5 0 0.5 0 0.10677229128309165 0.0010365135322083947
8 8 0.125 2 2 0 1 0 1 0 0.15888199803011668 0.002131271615140492
8 8 0.125 3 3 0 1.5 0 -0.5 0 0.10677229128309162 0.0010365135322083902
8 8 0.125 4 0 1 0 0.5 0 0.5 0.10749844909475262 0.0010069608728275963
8 8 0.125 5 1 1 0.5 0.5 0.5 0.5 0.15848307274799778 0.0019054412660833237
8 8 0.125 6 2 1 1 0.5 1 0.5 0.20175220399950416 0.0014377483257053993
8 8 0.125 7 3 1 1.5 0.5 -0.5 0.5 0.15702787165511847 0.0016024628948991242
8 8 0.125 8 0 2 0 1 0 1 0.1574832015537595 0.0018431390824969229
8 8 0.125 9 1 2 0.5 1 0.5 1 0.20468671028407998 0.0016723570888251594
8 8 0.125 10 2 2 1 1 1 1 0.86721496485928495 0.017434704994898811
8 8 0.125 11 3 2 1.5 1 -0.5 1 0.20468671028407975 0.0016723570888251883
8 8 0.125 12 0 3 0 1.5 0 -0.5 0.10749844909475259 0.0010069608728275937
8 8 0.125 13 1 3 0.5 1.5 0.5 -0.5 0.15702787165511845 0.0016024628948991492
8 8 0.125 14 2 3 1 1.5 1 -0.5 0.20175220399950403 0.0014377483257054129
8 8 0.125 15 3 3 1.5 1.5 -0.5 -0.5 0.15848307274799786 0.0019054412660833152
