# definition=Sperp(q)=N^-1 sum_ij exp[-iq.(ri-rj)] <Sxi Sxj + Syi Syj>
# ladder_definition=Sperp(q)=0.5*(S+-(q)+S-+(q)); Splus=Sx+iSy
# su2_relation=ensemble Sperp(q)=2*Szz(q) at any dtau for the current SU(2)-invariant model
# hs_caveat=individual spin-channel-HS samples select the z axis; equality is restored by ensemble averaging
# lattice=square Lx=4 Ly=4 n=16 bc_x=antiperiodic bc_y=periodic t=-1 U=4 mu=2 dtau=0.050000000000000003
# sperp_q=all seed=16040929486537789177 parallel=serial nrep=1 bins=20 nbeta=1
# beta_requested beta T q_index mx my qx_over_pi qy_over_pi qx_folded_over_pi qy_folded_over_pi Sperp dSperp
8 8 0.125 0 0 0 0 0 0 0 0.0023172208462812404 0.0065815821277093829
8 8 0.125 1 1 0 0.5 0 0.5 0 0.15765154460943659 0.0033293756826927065
8 8 0.125 2 2 0 1 0 1 0 0.34416201819643177 0.0046952307442250409
8 8 0.125 3 3 0 1.5 0 -0.5 0 0.15765154460943653 0.0033293756826927134
8 8 0.125 4 0 1 0 0.5 0 0.5 0.30137744949767004 0.0033945954491497884
8 8 0.125 5 1 1 0.5 0.5 0.5 0.5 0.30847910370111215 0.0029156343088502013
8 8 0.125 6 2 1 1 0.5 1 0.5 0.31913643226536376 0.0042852751358439392
8 8 0.125 7 3 1 1.5 0.5 -0.5 0.5 0.31653216229209596 0.0030307075467719733
8 8 0.125 8 0 2 0 1 0 1 0.27603430434246778 0.0042037826540763821
8 8 0.125 9 1 2 0.5 1 0.5 1 0.51109492549111712 0.0026311269074643577
8 8 0.125 10 2 2 1 1 1 1 1.2636904899055896 0.010207008604171161
8 8 0.125 11 3 2 1.5 1 -0.5 1 0.5110949254911169 0.0026311269074643174
8 8 0.125 12 0 3 0 1.5 0 -0.5 0.30137744949766998 0.0033945954491497962
8 8 0.125 13 1 3 0.5 1.5 0.5 -0.5 0.31653216229209574 0.0030307075467719108
8 8 0.125 14 2 3 1 1.5 1 -0.5 0.31913643226536348 0.0042852751358439245
8 8 0.125 15 3 3 1.5 1.5 -0.5 -0.5 0.30847910370111237 0.002915634308850207
