# definition=Szz(q)=N^-1 sum_ij exp[-iq.(ri-rj)] <Szi Szj>
# spin_operator=Szi=(n_up-n_down)/2 factor3_applied=0
# lattice=square Lx=4 Ly=4 n=16 bc_x=antiperiodic bc_y=periodic t=-1 U=4 mu=2 dtau=0.050000000000000003
# szz_q=all seed=16040929486537789177 parallel=serial nrep=1 bins=20 nbeta=1
# beta_requested beta T q_index mx my qx_over_pi qy_over_pi qx_folded_over_pi qy_folded_over_pi Szz dSzz
8 8 0.125 0 0 0 0 0 0 0 0.0021456901867394833 0.00021618410417100937
8 8 0.125 1 1 0 0.5 0 0.5 0 0.077457417826984107 0.00045024771500974285
8 8 0.125 2 2 0 1 0 1 0 0.1718642163840165 0.00091415775497608064
8 8 0.125 3 3 0 1.5 0 -0.5 0 0.077457417826984079 0.00045024771500973737
8 8 0.125 4 0 1 0 0.5 0 0.5 0.1515208085142514 0.0010146452414092337
8 8 0.125 5 1 1 0.5 0.5 0.5 0.5 0.15409690008910248 0.00048844808326137625
8 8 0.125 6 2 1 1 0.5 1 0.5 0.15913990738730241 0.00059355181369272658
8 8 0.125 7 3 1 1.5 0.5 -0.5 0.5 0.15335254799235298 0.00063521414607294914
8 8 0.125 8 0 2 0 1 0 1 0.13868812044976503 0.00080827052532471118
8 8 0.125 9 1 2 0.5 1 0.5 1 0.25538290251747481 0.0013393933880876828
8 8 0.125 10 2 2 1 1 1 1 0.6427746388267237 0.0066090905718477269
8 8 0.125 11 3 2 1.5 1 -0.5 1 0.25538290251747464 0.0013393933880876698
8 8 0.125 12 0 3 0 1.5 0 -0.5 0.15152080851425137 0.0010146452414092216
8 8 0.125 13 1 3 0.5 1.5 0.5 -0.5 0.15335254799235293 0.00063521414607294263
8 8 0.125 14 2 3 1 1.5 1 -0.5 0.15913990738730227 0.00059355181369272192
8 8 0.125 15 3 3 1.5 1.5 -0.5 -0.5 0.15409690008910254 0.00048844808326139566
