# definition=Sperp(q)=N^-1 sum_ij exp[-iq.(ri-rj)] <Sxi Sxj + Syi Syj>
# ladder_definition=Sperp(q)=0.5*(S+-(q)+S-+(q)); Splus=Sx+iSy
# su2_relation=ensemble Sperp(q)=2*Szz(q) at any dtau for the current SU(2)-invariant model
# hs_caveat=individual spin-channel-HS samples select the z axis; equality is restored by ensemble averaging
# lattice=square Lx=4 Ly=4 n=16 bc_x=antiperiodic bc_y=periodic t=-1 U=4 mu=2 dtau=0.10000000000000001
# sperp_q=all seed=16245438322630167309 parallel=serial nrep=1 bins=20 nbeta=1
# beta_requested beta T q_index mx my qx_over_pi qy_over_pi qx_folded_over_pi qy_folded_over_pi Sperp dSperp
16 16 0.0625 0 0 0 0 0 0 0 0.0089361879732538473 0.0052820888692574853
16 16 0.0625 1 1 0 0.5 0 0.5 0 0.15339798303100519 0.0042805706347379107
16 16 0.0625 2 2 0 1 0 1 0 0.34304653268905161 0.0048250067350682439
16 16 0.0625 3 3 0 1.5 0 -0.5 0 0.15339798303100513 0.004280570634737935
16 16 0.0625 4 0 1 0 0.5 0 0.5 0.30773840877540465 0.0046362041041303689
16 16 0.0625 5 1 1 0.5 0.5 0.5 0.5 0.30605640318877708 0.0032577286126065736
16 16 0.0625 6 2 1 1 0.5 1 0.5 0.30542856853429556 0.0058333003729909181
16 16 0.0625 7 3 1 1.5 0.5 -0.5 0.5 0.30919368513332096 0.0054096053821312395
16 16 0.0625 8 0 2 0 1 0 1 0.28433666560129234 0.0039349123973434841
16 16 0.0625 9 1 2 0.5 1 0.5 1 0.52367518111284894 0.0049636520456226851
16 16 0.0625 10 2 2 1 1 1 1 1.297525264490488 0.010554194349393151
16 16 0.0625 11 3 2 1.5 1 -0.5 1 0.52367518111284894 0.0049636520456226843
16 16 0.0625 12 0 3 0 1.5 0 -0.5 0.30773840877540465 0.004636204104130362
16 16 0.0625 13 1 3 0.5 1.5 0.5 -0.5 0.30919368513332085 0.0054096053821312794
16 16 0.0625 14 2 3 1 1.5 1 -0.5 0.3054285685342954 0.0058333003729908982
16 16 0.0625 15 3 3 1.5 1.5 -0.5 -0.5 0.30605640318877736 0.0032577286126065827
