# definition=Szz(q)=N^-1 sum_ij exp[-iq.(ri-rj)] <Szi Szj>
# spin_operator=Szi=(n_up-n_down)/2 factor3_applied=0
# lattice=square Lx=4 Ly=4 n=16 bc_x=antiperiodic bc_y=periodic t=-1 U=4 mu=2 dtau=0.10000000000000001
# szz_q=all seed=16245438322630167309 parallel=serial nrep=1 bins=20 nbeta=1
# beta_requested beta T q_index mx my qx_over_pi qy_over_pi qx_folded_over_pi qy_folded_over_pi Szz dSzz
16 16 0.0625 0 0 0 0 0 0 0 9.1929022488197048e-05 9.0100341894364512e-05
16 16 0.0625 1 1 0 0.5 0 0.5 0 0.07642225008195859 0.00028487677927164357
16 16 0.0625 2 2 0 1 0 1 0 0.17081246923269547 0.0010284544836309099
16 16 0.0625 3 3 0 1.5 0 -0.5 0 0.076422250081958562 0.00028487677927164433
16 16 0.0625 4 0 1 0 0.5 0 0.5 0.15346288705521163 0.00098134568460447793
16 16 0.0625 5 1 1 0.5 0.5 0.5 0.5 0.15492056803548998 0.00081073864517033141
16 16 0.0625 6 2 1 1 0.5 1 0.5 0.15877606032081054 0.00052441543334753307
16 16 0.0625 7 3 1 1.5 0.5 -0.5 0.5 0.1548777158136351 0.00080654146288448283
16 16 0.0625 8 0 2 0 1 0 1 0.14074089301860399 0.00072140969809281609
16 16 0.0625 9 1 2 0.5 1 0.5 1 0.25928187478348608 0.0014241281053021776
16 16 0.0625 10 2 2 1 1 1 1 0.64528455169772392 0.0068551824418738574
16 16 0.0625 11 3 2 1.5 1 -0.5 1 0.25928187478348602 0.0014241281053021689
16 16 0.0625 12 0 3 0 1.5 0 -0.5 0.15346288705521161 0.00098134568460451414
16 16 0.0625 13 1 3 0.5 1.5 0.5 -0.5 0.15487771581363502 0.00080654146288447134
16 16 0.0625 14 2 3 1 1.5 1 -0.5 0.15877606032081043 0.00052441543334752038
16 16 0.0625 15 3 3 1.5 1.5 -0.5 -0.5 0.15492056803549009 0.00081073864517033304
