# definition=Sperp(q)=N^-1 sum_ij exp[-iq.(ri-rj)] <Sxi Sxj + Syi Syj>
# ladder_definition=Sperp(q)=0.5*(S+-(q)+S-+(q)); Splus=Sx+iSy
# su2_relation=ensemble Sperp(q)=2*Szz(q) at any dtau for the current SU(2)-invariant model
# hs_caveat=individual spin-channel-HS samples select the z axis; equality is restored by ensemble averaging
# lattice=square Lx=4 Ly=4 n=16 bc_x=antiperiodic bc_y=periodic t=-1 U=4 mu=2 dtau=0.025000000000000001
# sperp_q=all seed=14640964742169170494 parallel=serial nrep=1 bins=20 nbeta=1
# beta_requested beta T q_index mx my qx_over_pi qy_over_pi qx_folded_over_pi qy_folded_over_pi Sperp dSperp
4 4 0.25 0 0 0 0 0 0 0 0.038592687649130049 0.0053990007910396176
4 4 0.25 1 1 0 0.5 0 0.5 0 0.18723550833589095 0.0023388489154376399
4 4 0.25 2 2 0 1 0 1 0 0.37124576138871784 0.0028758002559292808
4 4 0.25 3 3 0 1.5 0 -0.5 0 0.18723550833589092 0.0023388489154376208
4 4 0.25 4 0 1 0 0.5 0 0.5 0.27783285893702853 0.0035315913344653488
4 4 0.25 5 1 1 0.5 0.5 0.5 0.5 0.31926317687129674 0.002046974469144668
4 4 0.25 6 2 1 1 0.5 1 0.5 0.35830211918227084 0.0047023512712272919
4 4 0.25 7 3 1 1.5 0.5 -0.5 0.5 0.31713881743092304 0.0021313354327454782
4 4 0.25 8 0 2 0 1 0 1 0.25908490191538014 0.0037517912977825165
4 4 0.25 9 1 2 0.5 1 0.5 1 0.48484531688145155 0.0030419814326410497
4 4 0.25 10 2 2 1 1 1 1 1.154882016746094 0.010103028560423274
4 4 0.25 11 3 2 1.5 1 -0.5 1 0.48484531688145144 0.0030419814326410354
4 4 0.25 12 0 3 0 1.5 0 -0.5 0.27783285893702847 0.0035315913344653705
4 4 0.25 13 1 3 0.5 1.5 0.5 -0.5 0.31713881743092293 0.0021313354327454682
4 4 0.25 14 2 3 1 1.5 1 -0.5 0.35830211918227073 0.004702351271227311
4 4 0.25 15 3 3 1.5 1.5 -0.5 -0.5 0.31926317687129685 0.0020469744691446758
