# definition=Szz(q)=N^-1 sum_ij exp[-iq.(ri-rj)] <Szi Szj>
# spin_operator=Szi=(n_up-n_down)/2 factor3_applied=0
# lattice=square Lx=4 Ly=4 n=16 bc_x=antiperiodic bc_y=periodic t=-1 U=4 mu=2 dtau=0.025000000000000001
# szz_q=all seed=14640964742169170494 parallel=serial nrep=1 bins=20 nbeta=1
# beta_requested beta T q_index mx my qx_over_pi qy_over_pi qx_folded_over_pi qy_folded_over_pi Szz dSzz
4 4 0.25 0 0 0 0 0 0 0 0.020561625987977318 0.00035586822223675354
4 4 0.25 1 1 0 0.5 0 0.5 0 0.092740493314257516 0.00043358767899285877
4 4 0.25 2 2 0 1 0 1 0 0.18480161611247925 0.0013662718093211026
4 4 0.25 3 3 0 1.5 0 -0.5 0 0.092740493314257516 0.00043358767899285877
4 4 0.25 4 0 1 0 0.5 0 0.5 0.13899922310294471 0.000695869995707628
4 4 0.25 5 1 1 0.5 0.5 0.5 0.5 0.15952533557187815 0.00069591606687131381
4 4 0.25 6 2 1 1 0.5 1 0.5 0.17940921659869363 0.00076541076478948739
4 4 0.25 7 3 1 1.5 0.5 -0.5 0.5 0.15823101531951828 0.00074282150987989434
4 4 0.25 8 0 2 0 1 0 1 0.13130729085656032 0.00054305810304127844
4 4 0.25 9 1 2 0.5 1 0.5 1 0.24133954792062315 0.00097668291207616414
4 4 0.25 10 2 2 1 1 1 1 0.57936028487567515 0.0051979994373270201
4 4 0.25 11 3 2 1.5 1 -0.5 1 0.24133954792062307 0.00097668291207613075
4 4 0.25 12 0 3 0 1.5 0 -0.5 0.13899922310294471 0.000695869995707628
4 4 0.25 13 1 3 0.5 1.5 0.5 -0.5 0.15823101531951822 0.00074282150987987428
4 4 0.25 14 2 3 1 1.5 1 -0.5 0.17940921659869352 0.00076541076478951937
4 4 0.25 15 3 3 1.5 1.5 -0.5 -0.5 0.15952533557187815 0.00069591606687131229
