# definition=Sperp(q)=N^-1 sum_ij exp[-iq.(ri-rj)] <Sxi Sxj + Syi Syj>
# ladder_definition=Sperp(q)=0.5*(S+-(q)+S-+(q)); Splus=Sx+iSy
# su2_relation=ensemble Sperp(q)=2*Szz(q) at any dtau for the current SU(2)-invariant model
# hs_caveat=individual spin-channel-HS samples select the z axis; equality is restored by ensemble averaging
# lattice=square Lx=4 Ly=4 n=16 bc_x=antiperiodic bc_y=periodic t=-1 U=4 mu=2 dtau=0.025000000000000001
# sperp_q=all seed=9462151184122787927 parallel=serial nrep=1 bins=20 nbeta=1
# beta_requested beta T q_index mx my qx_over_pi qy_over_pi qx_folded_over_pi qy_folded_over_pi Sperp dSperp
8 8 0.125 0 0 0 0 0 0 0 0.0059046763285835729 0.0033778528488337513
8 8 0.125 1 1 0 0.5 0 0.5 0 0.15648753407193708 0.0046258108889291102
8 8 0.125 2 2 0 1 0 1 0 0.34017457551300712 0.0036214862083665555
8 8 0.125 3 3 0 1.5 0 -0.5 0 0.15648753407193705 0.0046258108889291162
8 8 0.125 4 0 1 0 0.5 0 0.5 0.30213611673080626 0.0038855545161522228
8 8 0.125 5 1 1 0.5 0.5 0.5 0.5 0.30615911992845335 0.0027607817156086148
8 8 0.125 6 2 1 1 0.5 1 0.5 0.32140928274959985 0.0032309859236936949
8 8 0.125 7 3 1 1.5 0.5 -0.5 0.5 0.3075729472015768 0.0044001600705657722
8 8 0.125 8 0 2 0 1 0 1 0.27809762859225923 0.0048171310729992435
8 8 0.125 9 1 2 0.5 1 0.5 1 0.51476562502780399 0.0034842988892230778
8 8 0.125 10 2 2 1 1 1 1 1.262924930301877 0.01364736451240183
8 8 0.125 11 3 2 1.5 1 -0.5 1 0.51476562502780376 0.003484298889223057
8 8 0.125 12 0 3 0 1.5 0 -0.5 0.30213611673080615 0.0038855545161522232
8 8 0.125 13 1 3 0.5 1.5 0.5 -0.5 0.30757294720157669 0.0044001600705658095
8 8 0.125 14 2 3 1 1.5 1 -0.5 0.32140928274959951 0.0032309859236936988
8 8 0.125 15 3 3 1.5 1.5 -0.5 -0.5 0.30615911992845357 0.00276078171560861
