# definition=Szz(q)=N^-1 sum_ij exp[-iq.(ri-rj)] <Szi Szj>
# spin_operator=Szi=(n_up-n_down)/2 factor3_applied=0
# lattice=square Lx=4 Ly=4 n=16 bc_x=antiperiodic bc_y=periodic t=-1 U=4 mu=2 dtau=0.025000000000000001
# szz_q=all seed=9462151184122787927 parallel=serial nrep=1 bins=20 nbeta=1
# beta_requested beta T q_index mx my qx_over_pi qy_over_pi qx_folded_over_pi qy_folded_over_pi Szz dSzz
8 8 0.125 0 0 0 0 0 0 0 0.0019430096617448953 0.00019386146679475108
8 8 0.125 1 1 0 0.5 0 0.5 0 0.077172078786545611 0.00057173293227390318
8 8 0.125 2 2 0 1 0 1 0 0.17394851843240761 0.0008999907876534424
8 8 0.125 3 3 0 1.5 0 -0.5 0 0.077172078786545598 0.00057173293227389831
8 8 0.125 4 0 1 0 0.5 0 0.5 0.15020104250223604 0.00076477951569602185
8 8 0.125 5 1 1 0.5 0.5 0.5 0.5 0.15386958302595649 0.00081988641289625107
8 8 0.125 6 2 1 1 0.5 1 0.5 0.15864367795163392 0.00072367628819535455
8 8 0.125 7 3 1 1.5 0.5 -0.5 0.5 0.15429244977512288 0.00074785092336255665
8 8 0.125 8 0 2 0 1 0 1 0.13768505090946087 0.00078859757600627288
8 8 0.125 9 1 2 0.5 1 0.5 1 0.25438084694074659 0.0012431794617002538
8 8 0.125 10 2 2 1 1 1 1 0.64138559410994334 0.0034962884432664836
8 8 0.125 11 3 2 1.5 1 -0.5 1 0.25438084694074647 0.0012431794617002736
8 8 0.125 12 0 3 0 1.5 0 -0.5 0.15020104250223604 0.00076477951569602477
8 8 0.125 13 1 3 0.5 1.5 0.5 -0.5 0.15429244977512285 0.00074785092336256999
8 8 0.125 14 2 3 1 1.5 1 -0.5 0.15864367795163375 0.00072367628819535758
8 8 0.125 15 3 3 1.5 1.5 -0.5 -0.5 0.15386958302595655 0.00081988641289625964
