# definition=Sperp(q)=N^-1 sum_ij exp[-iq.(ri-rj)] <Sxi Sxj + Syi Syj>
# ladder_definition=Sperp(q)=0.5*(S+-(q)+S-+(q)); Splus=Sx+iSy
# su2_relation=ensemble Sperp(q)=2*Szz(q) at any dtau for the current SU(2)-invariant model
# hs_caveat=individual spin-channel-HS samples select the z axis; equality is restored by ensemble averaging
# lattice=square Lx=4 Ly=4 n=16 bc_x=antiperiodic bc_y=periodic t=-1 U=4 mu=2 dtau=0.050000000000000003
# sperp_q=all seed=1888874076266045188 parallel=serial nrep=1 bins=20 nbeta=1
# beta_requested beta T q_index mx my qx_over_pi qy_over_pi qx_folded_over_pi qy_folded_over_pi Sperp dSperp
16 16 0.0625 0 0 0 0 0 0 0 -0.0013346806741540095 0.0039850943683356222
16 16 0.0625 1 1 0 0.5 0 0.5 0 0.15199868815950796 0.0040642986026374417
16 16 0.0625 2 2 0 1 0 1 0 0.33958139526484438 0.0041821650877625523
16 16 0.0625 3 3 0 1.5 0 -0.5 0 0.1519986881595079 0.0040642986026374643
16 16 0.0625 4 0 1 0 0.5 0 0.5 0.3109205513579914 0.0038742236053859154
16 16 0.0625 5 1 1 0.5 0.5 0.5 0.5 0.31086914196696558 0.0023559441229148988
16 16 0.0625 6 2 1 1 0.5 1 0.5 0.31266066306868245 0.005067644756635464
16 16 0.0625 7 3 1 1.5 0.5 -0.5 0.5 0.30841576387028274 0.0018796864671593921
16 16 0.0625 8 0 2 0 1 0 1 0.28082890042454933 0.0050144488889004146
16 16 0.0625 9 1 2 0.5 1 0.5 1 0.52033276766981051 0.0036783384391034795
16 16 0.0625 10 2 2 1 1 1 1 1.2565214944152632 0.010203142785139233
16 16 0.0625 11 3 2 1.5 1 -0.5 1 0.52033276766981018 0.003678338439103584
16 16 0.0625 12 0 3 0 1.5 0 -0.5 0.31092055135799135 0.0038742236053858985
16 16 0.0625 13 1 3 0.5 1.5 0.5 -0.5 0.30841576387028258 0.0018796864671594487
16 16 0.0625 14 2 3 1 1.5 1 -0.5 0.31266066306868212 0.0050676447566354796
16 16 0.0625 15 3 3 1.5 1.5 -0.5 -0.5 0.31086914196696569 0.0023559441229148966
