# definition=Szz(q)=N^-1 sum_ij exp[-iq.(ri-rj)] <Szi Szj>
# spin_operator=Szi=(n_up-n_down)/2 factor3_applied=0
# lattice=square Lx=4 Ly=4 n=16 bc_x=antiperiodic bc_y=periodic t=-1 U=4 mu=2 dtau=0.050000000000000003
# szz_q=all seed=1888874076266045188 parallel=serial nrep=1 bins=20 nbeta=1
# beta_requested beta T q_index mx my qx_over_pi qy_over_pi qx_folded_over_pi qy_folded_over_pi Szz dSzz
16 16 0.0625 0 0 0 0 0 0 0 3.3844746640322615e-07 1.3568881602825941e-07
16 16 0.0625 1 1 0 0.5 0 0.5 0 0.076616530158231361 0.00051290309064319607
16 16 0.0625 2 2 0 1 0 1 0 0.17080725460865431 0.00075035341098106184
16 16 0.0625 3 3 0 1.5 0 -0.5 0 0.076616530158231333 0.00051290309064318761
16 16 0.0625 4 0 1 0 0.5 0 0.5 0.1539943690358479 0.0011031901804265209
16 16 0.0625 5 1 1 0.5 0.5 0.5 0.5 0.1550475175790183 0.00080740891700542777
16 16 0.0625 6 2 1 1 0.5 1 0.5 0.1575132971289534 0.00076875326415584255
16 16 0.0625 7 3 1 1.5 0.5 -0.5 0.5 0.15463424977932388 0.00077491999933697352
16 16 0.0625 8 0 2 0 1 0 1 0.13870714599701411 0.00066075804104397454
16 16 0.0625 9 1 2 0.5 1 0.5 1 0.25874681036144753 0.0014144678117116746
16 16 0.0625 10 2 2 1 1 1 1 0.63037584366971222 0.0075161869069414319
16 16 0.0625 11 3 2 1.5 1 -0.5 1 0.25874681036144742 0.0014144678117116599
16 16 0.0625 12 0 3 0 1.5 0 -0.5 0.1539943690358479 0.0011031901804265159
16 16 0.0625 13 1 3 0.5 1.5 0.5 -0.5 0.15463424977932372 0.00077491999933696875
16 16 0.0625 14 2 3 1 1.5 1 -0.5 0.15751329712895326 0.00076875326415582737
16 16 0.0625 15 3 3 1.5 1.5 -0.5 -0.5 0.15504751757901841 0.00080740891700541335
