# definition=Sperp(q)=N^-1 sum_ij exp[-iq.(ri-rj)] <Sxi Sxj + Syi Syj>
# ladder_definition=Sperp(q)=0.5*(S+-(q)+S-+(q)); Splus=Sx+iSy
# su2_relation=ensemble Sperp(q)=2*Szz(q) at any dtau for the current SU(2)-invariant model
# hs_caveat=individual spin-channel-HS samples select the z axis; equality is restored by ensemble averaging
# lattice=square Lx=4 Ly=4 n=16 bc_x=antiperiodic bc_y=periodic t=-1 U=4 mu=2 dtau=0.025000000000000001
# sperp_q=all seed=15086388192218486182 parallel=serial nrep=1 bins=20 nbeta=1
# beta_requested beta T q_index mx my qx_over_pi qy_over_pi qx_folded_over_pi qy_folded_over_pi Sperp dSperp
8 8 0.125 0 0 0 0 0 0 0 -0.001332752057443526 0.0073224746031602872
8 8 0.125 1 1 0 0.5 0 0.5 0 0.1494726039589685 0.0083792221561997914
8 8 0.125 2 2 0 1 0 1 0 0.34221399787503592 0.0088495661561238288
8 8 0.125 3 3 0 1.5 0 -0.5 0 0.14947260395896841 0.0083792221561998139
8 8 0.125 4 0 1 0 0.5 0 0.5 0.30257674680847158 0.0079474279214053686
8 8 0.125 5 1 1 0.5 0.5 0.5 0.5 0.30374137088723235 0.0060996119169475912
8 8 0.125 6 2 1 1 0.5 1 0.5 0.32590194396511729 0.008795133510928763
8 8 0.125 7 3 1 1.5 0.5 -0.5 0.5 0.30756045039200347 0.007745711642228089
8 8 0.125 8 0 2 0 1 0 1 0.27696885934234233 0.0055127403517943804
8 8 0.125 9 1 2 0.5 1 0.5 1 0.50987026510644284 0.0040951521028215823
8 8 0.125 10 2 2 1 1 1 1 1.290556479643878 0.044052268398646115
8 8 0.125 11 3 2 1.5 1 -0.5 1 0.50987026510644273 0.00409515210282163
8 8 0.125 12 0 3 0 1.5 0 -0.5 0.30257674680847152 0.0079474279214053461
8 8 0.125 13 1 3 0.5 1.5 0.5 -0.5 0.30756045039200336 0.0077457116422281081
8 8 0.125 14 2 3 1 1.5 1 -0.5 0.32590194396511712 0.0087951335109287404
8 8 0.125 15 3 3 1.5 1.5 -0.5 -0.5 0.30374137088723241 0.0060996119169475565
