# definition=Szz(q)=N^-1 sum_ij exp[-iq.(ri-rj)] <Szi Szj>
# spin_operator=Szi=(n_up-n_down)/2 factor3_applied=0
# lattice=square Lx=4 Ly=4 n=16 bc_x=antiperiodic bc_y=periodic t=-1 U=4 mu=2 dtau=0.025000000000000001
# szz_q=all seed=15086388192218486182 parallel=serial nrep=1 bins=20 nbeta=1
# beta_requested beta T q_index mx my qx_over_pi qy_over_pi qx_folded_over_pi qy_folded_over_pi Szz dSzz
8 8 0.125 0 0 0 0 0 0 0 0.0015074987410324573 0.00015424834534894175
8 8 0.125 1 1 0 0.5 0 0.5 0 0.077834395486154589 0.00043959849999872865
8 8 0.125 2 2 0 1 0 1 0 0.17128478743577349 0.00075927066957650767
8 8 0.125 3 3 0 1.5 0 -0.5 0 0.077834395486154534 0.00043959849999873586
8 8 0.125 4 0 1 0 0.5 0 0.5 0.15211367794369662 0.00065457477072438958
8 8 0.125 5 1 1 0.5 0.5 0.5 0.5 0.15329648997474926 0.00072344933442388846
8 8 0.125 6 2 1 1 0.5 1 0.5 0.15821969042048473 0.00084739803340121232
8 8 0.125 7 3 1 1.5 0.5 -0.5 0.5 0.15439194801127032 0.00072790991887907342
8 8 0.125 8 0 2 0 1 0 1 0.13864889427491203 0.00056094996292900643
8 8 0.125 9 1 2 0.5 1 0.5 1 0.25652811376319073 0.001417927183121655
8 8 0.125 10 2 2 1 1 1 1 0.63711686186933136 0.0062356449418398355
8 8 0.125 11 3 2 1.5 1 -0.5 1 0.25652811376319062 0.0014179271831216234
8 8 0.125 12 0 3 0 1.5 0 -0.5 0.15211367794369662 0.00065457477072438394
8 8 0.125 13 1 3 0.5 1.5 0.5 -0.5 0.15439194801127026 0.00072790991887909705
8 8 0.125 14 2 3 1 1.5 1 -0.5 0.15821969042048462 0.00084739803340120148
8 8 0.125 15 3 3 1.5 1.5 -0.5 -0.5 0.15329648997474937 0.00072344933442390364
