# definition=Sperp(q)=N^-1 sum_ij exp[-iq.(ri-rj)] <Sxi Sxj + Syi Syj>
# ladder_definition=Sperp(q)=0.5*(S+-(q)+S-+(q)); Splus=Sx+iSy
# su2_relation=ensemble Sperp(q)=2*Szz(q) at any dtau for the current SU(2)-invariant model
# hs_caveat=individual spin-channel-HS samples select the z axis; equality is restored by ensemble averaging
# lattice=square Lx=4 Ly=4 n=16 bc_x=antiperiodic bc_y=periodic t=-1 U=4 mu=2 dtau=0.10000000000000001
# sperp_q=all seed=11758692974626609750 parallel=serial nrep=1 bins=20 nbeta=1
# beta_requested beta T q_index mx my qx_over_pi qy_over_pi qx_folded_over_pi qy_folded_over_pi Sperp dSperp
16 16 0.0625 0 0 0 0 0 0 0 -0.00015357830441537767 0.0066504608584329276
16 16 0.0625 1 1 0 0.5 0 0.5 0 0.15134029385973841 0.0028997344669081122
16 16 0.0625 2 2 0 1 0 1 0 0.34093089173903379 0.0040684301942494503
16 16 0.0625 3 3 0 1.5 0 -0.5 0 0.15134029385973835 0.0028997344669080883
16 16 0.0625 4 0 1 0 0.5 0 0.5 0.31684726934006396 0.0049781616999597681
16 16 0.0625 5 1 1 0.5 0.5 0.5 0.5 0.31299962341395088 0.0040751006965415257
16 16 0.0625 6 2 1 1 0.5 1 0.5 0.31552978146687105 0.0052191205316673055
16 16 0.0625 7 3 1 1.5 0.5 -0.5 0.5 0.30258976221961753 0.0065605607919437701
16 16 0.0625 8 0 2 0 1 0 1 0.27361367678725868 0.00691081571470734
16 16 0.0625 9 1 2 0.5 1 0.5 1 0.52092464206979538 0.0065118542372479011
16 16 0.0625 10 2 2 1 1 1 1 1.2941310395833951 0.01456803456447419
16 16 0.0625 11 3 2 1.5 1 -0.5 1 0.52092464206979516 0.0065118542372480433
16 16 0.0625 12 0 3 0 1.5 0 -0.5 0.31684726934006391 0.0049781616999597733
16 16 0.0625 13 1 3 0.5 1.5 0.5 -0.5 0.30258976221961731 0.0065605607919437623
16 16 0.0625 14 2 3 1 1.5 1 -0.5 0.31552978146687094 0.0052191205316672743
16 16 0.0625 15 3 3 1.5 1.5 -0.5 -0.5 0.31299962341395104 0.0040751006965415336
