# definition=Szz(q)=N^-1 sum_ij exp[-iq.(ri-rj)] <Szi Szj>
# spin_operator=Szi=(n_up-n_down)/2 factor3_applied=0
# lattice=square Lx=4 Ly=4 n=16 bc_x=antiperiodic bc_y=periodic t=-1 U=4 mu=2 dtau=0.10000000000000001
# szz_q=all seed=11758692974626609750 parallel=serial nrep=1 bins=20 nbeta=1
# beta_requested beta T q_index mx my qx_over_pi qy_over_pi qx_folded_over_pi qy_folded_over_pi Szz dSzz
16 16 0.0625 0 0 0 0 0 0 0 5.6227494798956279e-05 5.6315067805717426e-05
16 16 0.0625 1 1 0 0.5 0 0.5 0 0.076253267192382915 0.0004829039389458775
16 16 0.0625 2 2 0 1 0 1 0 0.17295577659524827 0.0009776954929084558
16 16 0.0625 3 3 0 1.5 0 -0.5 0 0.076253267192382873 0.00048290393894587095
16 16 0.0625 4 0 1 0 0.5 0 0.5 0.15453174905870309 0.0007642428323119991
16 16 0.0625 5 1 1 0.5 0.5 0.5 0.5 0.15363925341792184 0.00086375610980260942
16 16 0.0625 6 2 1 1 0.5 1 0.5 0.15757489264627486 0.00084429499116213478
16 16 0.0625 7 3 1 1.5 0.5 -0.5 0.5 0.1538901306270144 0.00074910584728046976
16 16 0.0625 8 0 2 0 1 0 1 0.1405456538970967 0.00087304087146705765
16 16 0.0625 9 1 2 0.5 1 0.5 1 0.2581110480920189 0.0012989777902165569
16 16 0.0625 10 2 2 1 1 1 1 0.65293404721689785 0.0057049247805299646
16 16 0.0625 11 3 2 1.5 1 -0.5 1 0.25811104809201879 0.0012989777902165836
16 16 0.0625 12 0 3 0 1.5 0 -0.5 0.15453174905870309 0.00076424283231198945
16 16 0.0625 13 1 3 0.5 1.5 0.5 -0.5 0.15389013062701434 0.00074910584728047063
16 16 0.0625 14 2 3 1 1.5 1 -0.5 0.15757489264627472 0.00084429499116213988
16 16 0.0625 15 3 3 1.5 1.5 -0.5 -0.5 0.15363925341792195 0.00086375610980258307
