# definition=Sperp(q)=N^-1 sum_ij exp[-iq.(ri-rj)] <Sxi Sxj + Syi Syj>
# ladder_definition=Sperp(q)=0.5*(S+-(q)+S-+(q)); Splus=Sx+iSy
# su2_relation=ensemble Sperp(q)=2*Szz(q) at any dtau for the current SU(2)-invariant model
# hs_caveat=individual spin-channel-HS samples select the z axis; equality is restored by ensemble averaging
# lattice=square Lx=4 Ly=4 n=16 bc_x=antiperiodic bc_y=periodic t=-1 U=4 mu=2 dtau=0.050000000000000003
# sperp_q=all seed=2135175930950696589 parallel=serial nrep=1 bins=20 nbeta=1
# beta_requested beta T q_index mx my qx_over_pi qy_over_pi qx_folded_over_pi qy_folded_over_pi Sperp dSperp
4 4 0.25 0 0 0 0 0 0 0 0.039517874550329207 0.0047535170749931147
4 4 0.25 1 1 0 0.5 0 0.5 0 0.1854349905354222 0.0028919475943482357
4 4 0.25 2 2 0 1 0 1 0 0.37074119590602156 0.0033730319967416964
4 4 0.25 3 3 0 1.5 0 -0.5 0 0.18543499053542217 0.0028919475943482318
4 4 0.25 4 0 1 0 0.5 0 0.5 0.27690368799922194 0.0032251690672523052
4 4 0.25 5 1 1 0.5 0.5 0.5 0.5 0.31702647075436585 0.0021800049320625232
4 4 0.25 6 2 1 1 0.5 1 0.5 0.360274118355911 0.0036022357955248418
4 4 0.25 7 3 1 1.5 0.5 -0.5 0.5 0.31630774098622083 0.004250113687341529
4 4 0.25 8 0 2 0 1 0 1 0.26652855470138026 0.0032628551416915299
4 4 0.25 9 1 2 0.5 1 0.5 1 0.48682002288290444 0.0032045734329917874
4 4 0.25 10 2 2 1 1 1 1 1.1699594061016898 0.0097820656730895576
4 4 0.25 11 3 2 1.5 1 -0.5 1 0.48682002288290427 0.0032045734329917809
4 4 0.25 12 0 3 0 1.5 0 -0.5 0.27690368799922188 0.0032251690672522944
4 4 0.25 13 1 3 0.5 1.5 0.5 -0.5 0.31630774098622078 0.0042501136873415498
4 4 0.25 14 2 3 1 1.5 1 -0.5 0.36027411835591078 0.0036022357955248449
4 4 0.25 15 3 3 1.5 1.5 -0.5 -0.5 0.31702647075436591 0.002180004932062489
