# definition=Szz(q)=N^-1 sum_ij exp[-iq.(ri-rj)] <Szi Szj>
# spin_operator=Szi=(n_up-n_down)/2 factor3_applied=0
# lattice=square Lx=4 Ly=4 n=16 bc_x=antiperiodic bc_y=periodic t=-1 U=4 mu=2 dtau=0.050000000000000003
# szz_q=all seed=2135175930950696589 parallel=serial nrep=1 bins=20 nbeta=1
# beta_requested beta T q_index mx my qx_over_pi qy_over_pi qx_folded_over_pi qy_folded_over_pi Szz dSzz
4 4 0.25 0 0 0 0 0 0 0 0.020213062750987672 0.00022407276796105631
4 4 0.25 1 1 0 0.5 0 0.5 0 0.093052966818541541 0.00036609379008108926
4 4 0.25 2 2 0 1 0 1 0 0.18207803690067786 0.001346270524867569
4 4 0.25 3 3 0 1.5 0 -0.5 0 0.093052966818541527 0.00036609379008108189
4 4 0.25 4 0 1 0 0.5 0 0.5 0.14045525322672961 0.00067489371165555423
4 4 0.25 5 1 1 0.5 0.5 0.5 0.5 0.15892644897300184 0.00043559863673423406
4 4 0.25 6 2 1 1 0.5 1 0.5 0.17926092652457976 0.00072343374636209983
4 4 0.25 7 3 1 1.5 0.5 -0.5 0.5 0.15735139844554835 0.00050843344290399546
4 4 0.25 8 0 2 0 1 0 1 0.13179057411860565 0.00075267395293943367
4 4 0.25 9 1 2 0.5 1 0.5 1 0.24328932458883398 0.0010874839008874605
4 4 0.25 10 2 2 1 1 1 1 0.58738623621901442 0.0051331194495446058
4 4 0.25 11 3 2 1.5 1 -0.5 1 0.24328932458883398 0.0010874839008874527
4 4 0.25 12 0 3 0 1.5 0 -0.5 0.14045525322672961 0.00067489371165555423
4 4 0.25 13 1 3 0.5 1.5 0.5 -0.5 0.1573513984455483 0.00050843344290398625
4 4 0.25 14 2 3 1 1.5 1 -0.5 0.17926092652457964 0.00072343374636209832
4 4 0.25 15 3 3 1.5 1.5 -0.5 -0.5 0.15892644897300195 0.00043559863673425054
