# definition=Sperp(q)=N^-1 sum_ij exp[-iq.(ri-rj)] <Sxi Sxj + Syi Syj>
# ladder_definition=Sperp(q)=0.5*(S+-(q)+S-+(q)); Splus=Sx+iSy
# su2_relation=ensemble Sperp(q)=2*Szz(q) at any dtau for the current SU(2)-invariant model
# hs_caveat=individual spin-channel-HS samples select the z axis; equality is restored by ensemble averaging
# lattice=square Lx=4 Ly=4 n=16 bc_x=antiperiodic bc_y=periodic t=-1 U=4 mu=2 dtau=0.025000000000000001
# sperp_q=all seed=17900417765664474405 parallel=serial nrep=1 bins=20 nbeta=1
# beta_requested beta T q_index mx my qx_over_pi qy_over_pi qx_folded_over_pi qy_folded_over_pi Sperp dSperp
16 16 0.0625 0 0 0 0 0 0 0 0.0042514058739140884 0.0058088585276306242
16 16 0.0625 1 1 0 0.5 0 0.5 0 0.15264964373073578 0.0028330027326870818
16 16 0.0625 2 2 0 1 0 1 0 0.34040699848162925 0.0051037568981714774
16 16 0.0625 3 3 0 1.5 0 -0.5 0 0.15264964373073575 0.0028330027326870979
16 16 0.0625 4 0 1 0 0.5 0 0.5 0.30153035098853237 0.0028036940674367335
16 16 0.0625 5 1 1 0.5 0.5 0.5 0.5 0.30743013175176598 0.0054393161778168077
16 16 0.0625 6 2 1 1 0.5 1 0.5 0.3178302612507693 0.0033218474414428638
16 16 0.0625 7 3 1 1.5 0.5 -0.5 0.5 0.30895756514612843 0.0025395459110437147
16 16 0.0625 8 0 2 0 1 0 1 0.28294552237237014 0.004729484536293415
16 16 0.0625 9 1 2 0.5 1 0.5 1 0.52340070539210559 0.0025325442670896346
16 16 0.0625 10 2 2 1 1 1 1 1.2562729951087506 0.013465898330873952
16 16 0.0625 11 3 2 1.5 1 -0.5 1 0.52340070539210559 0.0025325442670896259
16 16 0.0625 12 0 3 0 1.5 0 -0.5 0.30153035098853237 0.0028036940674367335
16 16 0.0625 13 1 3 0.5 1.5 0.5 -0.5 0.30895756514612832 0.0025395459110437164
16 16 0.0625 14 2 3 1 1.5 1 -0.5 0.31783026125076919 0.0033218474414429171
16 16 0.0625 15 3 3 1.5 1.5 -0.5 -0.5 0.30743013175176609 0.0054393161778168147
