# definition=Szz(q)=N^-1 sum_ij exp[-iq.(ri-rj)] <Szi Szj>
# spin_operator=Szi=(n_up-n_down)/2 factor3_applied=0
# lattice=square Lx=4 Ly=4 n=16 bc_x=antiperiodic bc_y=periodic t=-1 U=4 mu=2 dtau=0.025000000000000001
# szz_q=all seed=17900417765664474405 parallel=serial nrep=1 bins=20 nbeta=1
# beta_requested beta T q_index mx my qx_over_pi qy_over_pi qx_folded_over_pi qy_folded_over_pi Szz dSzz
16 16 0.0625 0 0 0 0 0 0 0 1.711915203714341e-05 1.7036362101083836e-05
16 16 0.0625 1 1 0 0.5 0 0.5 0 0.07672779311544807 0.00039584356736540222
16 16 0.0625 2 2 0 1 0 1 0 0.16864999807560216 0.00090371049217962546
16 16 0.0625 3 3 0 1.5 0 -0.5 0 0.076727793115448056 0.00039584356736539712
16 16 0.0625 4 0 1 0 0.5 0 0.5 0.15270910698667159 0.00073444572148728877
16 16 0.0625 5 1 1 0.5 0.5 0.5 0.5 0.1530804335048655 0.00057418498877854194
16 16 0.0625 6 2 1 1 0.5 1 0.5 0.15657139458629549 0.00080823117150243451
16 16 0.0625 7 3 1 1.5 0.5 -0.5 0.5 0.15335734988951827 0.00064596189264544282
16 16 0.0625 8 0 2 0 1 0 1 0.13868202847457006 0.00053049354344459362
16 16 0.0625 9 1 2 0.5 1 0.5 1 0.25912123788956504 0.0012880767711586213
16 16 0.0625 10 2 2 1 1 1 1 0.64325334153143243 0.0058882252568112289
16 16 0.0625 11 3 2 1.5 1 -0.5 1 0.25912123788956498 0.001288076771158615
16 16 0.0625 12 0 3 0 1.5 0 -0.5 0.15270910698667159 0.00073444572148728877
16 16 0.0625 13 1 3 0.5 1.5 0.5 -0.5 0.15335734988951816 0.00064596189264543578
16 16 0.0625 14 2 3 1 1.5 1 -0.5 0.15657139458629538 0.00080823117150242356
16 16 0.0625 15 3 3 1.5 1.5 -0.5 -0.5 0.15308043350486558 0.000574184988778544
