# definition=Sperp(q)=N^-1 sum_ij exp[-iq.(ri-rj)] <Sxi Sxj + Syi Syj>
# ladder_definition=Sperp(q)=0.5*(S+-(q)+S-+(q)); Splus=Sx+iSy
# su2_relation=ensemble Sperp(q)=2*Szz(q) at any dtau for the current SU(2)-invariant model
# hs_caveat=individual spin-channel-HS samples select the z axis; equality is restored by ensemble averaging
# lattice=square Lx=4 Ly=4 n=16 bc_x=antiperiodic bc_y=periodic t=-1 U=4 mu=2 dtau=0.10000000000000001
# sperp_q=all seed=4281580843358485413 parallel=serial nrep=1 bins=20 nbeta=1
# beta_requested beta T q_index mx my qx_over_pi qy_over_pi qx_folded_over_pi qy_folded_over_pi Sperp dSperp
8 8 0.125 0 0 0 0 0 0 0 3.1924714038887927e-05 0.0059611925165133301
8 8 0.125 1 1 0 0.5 0 0.5 0 0.15445122186570731 0.0028491989474616671
8 8 0.125 2 2 0 1 0 1 0 0.34892203759021789 0.0040203817329996991
8 8 0.125 3 3 0 1.5 0 -0.5 0 0.15445122186570726 0.0028491989474616649
8 8 0.125 4 0 1 0 0.5 0 0.5 0.3030122122384738 0.004247265370444178
8 8 0.125 5 1 1 0.5 0.5 0.5 0.5 0.30740242918763261 0.0035925657052738986
8 8 0.125 6 2 1 1 0.5 1 0.5 0.32417038932556214 0.0029261568060058489
8 8 0.125 7 3 1 1.5 0.5 -0.5 0.5 0.31082343288305231 0.0037154241379687781
8 8 0.125 8 0 2 0 1 0 1 0.28230514919394201 0.0035575175143640024
8 8 0.125 9 1 2 0.5 1 0.5 1 0.52189911729808003 0.0038405751358230478
8 8 0.125 10 2 2 1 1 1 1 1.2766501090854312 0.01036861605239503
8 8 0.125 11 3 2 1.5 1 -0.5 1 0.52189911729807992 0.0038405751358230877
8 8 0.125 12 0 3 0 1.5 0 -0.5 0.30301221223847369 0.0042472653704441823
8 8 0.125 13 1 3 0.5 1.5 0.5 -0.5 0.31082343288305214 0.0037154241379687399
8 8 0.125 14 2 3 1 1.5 1 -0.5 0.32417038932556186 0.0029261568060058528
8 8 0.125 15 3 3 1.5 1.5 -0.5 -0.5 0.30740242918763272 0.0035925657052738938
