# definition=Szz(q)=N^-1 sum_ij exp[-iq.(ri-rj)] <Szi Szj>
# spin_operator=Szi=(n_up-n_down)/2 factor3_applied=0
# lattice=square Lx=4 Ly=4 n=16 bc_x=antiperiodic bc_y=periodic t=-1 U=4 mu=2 dtau=0.10000000000000001
# szz_q=all seed=4281580843358485413 parallel=serial nrep=1 bins=20 nbeta=1
# beta_requested beta T q_index mx my qx_over_pi qy_over_pi qx_folded_over_pi qy_folded_over_pi Szz dSzz
8 8 0.125 0 0 0 0 0 0 0 0.0018018319847986661 0.00015967525617043398
8 8 0.125 1 1 0 0.5 0 0.5 0 0.07776995573706047 0.00033448115454560957
8 8 0.125 2 2 0 1 0 1 0 0.17411373736500255 0.00070480213912031231
8 8 0.125 3 3 0 1.5 0 -0.5 0 0.077769955737060456 0.00033448115454562334
8 8 0.125 4 0 1 0 0.5 0 0.5 0.15191162941335529 0.00085248931892434061
8 8 0.125 5 1 1 0.5 0.5 0.5 0.5 0.15493058540167695 0.00092088593998034224
8 8 0.125 6 2 1 1 0.5 1 0.5 0.16091503695311216 0.00081182614823019448
8 8 0.125 7 3 1 1.5 0.5 -0.5 0.5 0.15396866863015884 0.00054407134473421961
8 8 0.125 8 0 2 0 1 0 1 0.13820926574965517 0.00050528171111253561
8 8 0.125 9 1 2 0.5 1 0.5 1 0.25900781592351757 0.0011717975964165028
8 8 0.125 10 2 2 1 1 1 1 0.64458119387310375 0.0050904940698527522
8 8 0.125 11 3 2 1.5 1 -0.5 1 0.25900781592351751 0.0011717975964164969
8 8 0.125 12 0 3 0 1.5 0 -0.5 0.15191162941335529 0.00085248931892433822
8 8 0.125 13 1 3 0.5 1.5 0.5 -0.5 0.15396866863015879 0.00054407134473418545
8 8 0.125 14 2 3 1 1.5 1 -0.5 0.16091503695311205 0.00081182614823020489
8 8 0.125 15 3 3 1.5 1.5 -0.5 -0.5 0.15493058540167698 0.00092088593998035958
