# beta T replica_id seed nwarm nmeas nbin status
2 0.5 0 2026100203 0 2 2 ok
2 0.5 1 16493815122910462059 0 2 2 ok
2 0.5 2 17103543123187198728 0 2 2 ok
2 0.5 3 1836896402180978344 0 2 2 ok
2 0.5 4 13516000275740231563 0 2 2 ok
2 0.5 5 12951264338502846554 0 2 2 ok
2 0.5 6 8047963076220726286 0 2 2 ok
2 0.5 7 12372372289427806991 0 2 2 ok
2 0.5 8 18003919872874153925 0 2 2 ok
2 0.5 9 10681766235594168852 0 2 2 ok
2 0.5 10 13796001483303739878 0 2 2 ok
2 0.5 11 8329374585144917479 0 2 2 ok
2 0.5 12 12015596720002113168 0 2 2 ok
2 0.5 13 8856774467506621163 0 2 2 ok
2 0.5 14 1049716810794143781 0 2 2 ok
2 0.5 15 7666845606328585156 0 2 2 ok
4 0.25 0 2026101203 0 2 2 ok
4 0.25 1 3984289251126955762 0 2 2 ok
4 0.25 2 4568098522945596264 0 2 2 ok
4 0.25 3 17927273594791420780 0 2 2 ok
4 0.25 4 10132659127933559932 0 2 2 ok
4 0.25 5 12324657432439846442 0 2 2 ok
4 0.25 6 17109991122221120574 0 2 2 ok
4 0.25 7 13328604408261836289 0 2 2 ok
4 0.25 8 6521694756268616681 0 2 2 ok
4 0.25 9 6429685000473630073 0 2 2 ok
4 0.25 10 7171501882169257241 0 2 2 ok
4 0.25 11 13450162465572404973 0 2 2 ok
4 0.25 12 18076913479232807449 0 2 2 ok
4 0.25 13 11459141371727385492 0 2 2 ok
4 0.25 14 15871955517653113598 0 2 2 ok
4 0.25 15 9896057653950269879 0 2 2 ok
