# definition=Sperp(q)=N^-1 sum_ij exp[-iq.(ri-rj)] <Sxi Sxj + Syi Syj>
# ladder_definition=Sperp(q)=0.5*(S+-(q)+S-+(q)); Splus=Sx+iSy
# su2_relation=ensemble Sperp(q)=2*Szz(q) at any dtau for the current SU(2)-invariant model
# hs_caveat=individual spin-channel-HS samples select the z axis; equality is restored by ensemble averaging
# lattice=square Lx=4 Ly=4 n=16 pbc=1 t=-1 U=4 mu=2 dtau=0.025000000000000001
# sperp_q=all seed=8072976573779384887 parallel=serial nrep=1 bins=20 nbeta=1
# beta_requested beta T q_index mx my qx_over_pi qy_over_pi qx_folded_over_pi qy_folded_over_pi Sperp dSperp
4 4 0.25 0 0 0 0 0 0 0 0.11881705931947677 0.012531776442594521
4 4 0.25 1 1 0 0.5 0 0.5 0 0.22049677553187652 0.0036739359892437777
4 4 0.25 2 2 0 1 0 1 0 0.35165499891448143 0.013334738282395536
4 4 0.25 3 3 0 1.5 0 -0.5 0 0.22049677553187647 0.0036739359892437899
4 4 0.25 4 0 1 0 0.5 0 0.5 0.22804724928674464 0.00358911809492338
4 4 0.25 5 1 1 0.5 0.5 0.5 0.5 0.34804677052232352 0.0076070373449196056
4 4 0.25 6 2 1 1 0.5 1 0.5 0.41837099908993841 0.0056981062300743446
4 4 0.25 7 3 1 1.5 0.5 -0.5 0.5 0.33001915411658556 0.0094756026867845629
4 4 0.25 8 0 2 0 1 0 1 0.31090677164139208 0.015160131733680993
4 4 0.25 9 1 2 0.5 1 0.5 1 0.42260422315944446 0.0034503572000510172
4 4 0.25 10 2 2 1 1 1 1 1.2749087244268638 0.032376535734209774
4 4 0.25 11 3 2 1.5 1 -0.5 1 0.42260422315944418 0.0034503572000510433
4 4 0.25 12 0 3 0 1.5 0 -0.5 0.22804724928674464 0.003589118094923393
4 4 0.25 13 1 3 0.5 1.5 0.5 -0.5 0.33001915411658556 0.009475602686784549
4 4 0.25 14 2 3 1 1.5 1 -0.5 0.41837099908993808 0.0056981062300743377
4 4 0.25 15 3 3 1.5 1.5 -0.5 -0.5 0.34804677052232369 0.007607037344919596
