# definition=Szz(q)=N^-1 sum_ij exp[-iq.(ri-rj)] <Szi Szj>
# spin_operator=Szi=(n_up-n_down)/2 factor3_applied=0
# lattice=square Lx=4 Ly=4 n=16 pbc=1 t=-1 U=4 mu=2 dtau=0.025000000000000001
# szz_q=all seed=8072976573779384887 parallel=serial nrep=1 bins=20 nbeta=1
# beta_requested beta T q_index mx my qx_over_pi qy_over_pi qx_folded_over_pi qy_folded_over_pi Szz dSzz
4 4 0.25 0 0 0 0 0 0 0 0.061404272218092547 0.00070577059418958424
4 4 0.25 1 1 0 0.5 0 0.5 0 0.11133980350992963 0.00072625064703177279
4 4 0.25 2 2 0 1 0 1 0 0.16879725707269211 0.0016507026701216606
4 4 0.25 3 3 0 1.5 0 -0.5 0 0.11133980350992964 0.00072625064703178721
4 4 0.25 4 0 1 0 0.5 0 0.5 0.11152407338376499 0.00062440643195089485
4 4 0.25 5 1 1 0.5 0.5 0.5 0.5 0.16956443847790606 0.00070687529344781426
4 4 0.25 6 2 1 1 0.5 1 0.5 0.20927451151427506 0.00098915196349093674
4 4 0.25 7 3 1 1.5 0.5 -0.5 0.5 0.16838092912614561 0.0010572876815000418
4 4 0.25 8 0 2 0 1 0 1 0.16889684191131474 0.0011326738600433051
4 4 0.25 9 1 2 0.5 1 0.5 1 0.20840392813784575 0.00097722621332974459
4 4 0.25 10 2 2 1 1 1 1 0.63965520935618581 0.0070228311504348965
4 4 0.25 11 3 2 1.5 1 -0.5 1 0.20840392813784564 0.00097722621332974307
4 4 0.25 12 0 3 0 1.5 0 -0.5 0.11152407338376498 0.0006244064319508697
4 4 0.25 13 1 3 0.5 1.5 0.5 -0.5 0.16838092912614563 0.001057287681500042
4 4 0.25 14 2 3 1 1.5 1 -0.5 0.20927451151427495 0.00098915196349093587
4 4 0.25 15 3 3 1.5 1.5 -0.5 -0.5 0.16956443847790612 0.00070687529344779811
