# definition=Sperp(q)=N^-1 sum_ij exp[-iq.(ri-rj)] <Sxi Sxj + Syi Syj>
# ladder_definition=Sperp(q)=0.5*(S+-(q)+S-+(q)); Splus=Sx+iSy
# su2_relation=ensemble Sperp(q)=2*Szz(q) at any dtau for the current SU(2)-invariant model
# hs_caveat=individual spin-channel-HS samples select the z axis; equality is restored by ensemble averaging
# lattice=square Lx=4 Ly=4 n=16 bc_x=antiperiodic bc_y=periodic t=-1 U=4 mu=2 dtau=0.10000000000000001
# sperp_q=all seed=13367636489413835987 parallel=serial nrep=1 bins=20 nbeta=1
# beta_requested beta T q_index mx my qx_over_pi qy_over_pi qx_folded_over_pi qy_folded_over_pi Sperp dSperp
16 16 0.0625 0 0 0 0 0 0 0 0.00065569380820932536 0.0031121762081720169
16 16 0.0625 1 1 0 0.5 0 0.5 0 0.15741043410898567 0.002008304759823428
16 16 0.0625 2 2 0 1 0 1 0 0.34911699089548381 0.00437180353633223
16 16 0.0625 3 3 0 1.5 0 -0.5 0 0.15741043410898564 0.0020083047598234201
16 16 0.0625 4 0 1 0 0.5 0 0.5 0.30497582562501357 0.0029115703381334093
16 16 0.0625 5 1 1 0.5 0.5 0.5 0.5 0.31289867586888315 0.0031611625359642759
16 16 0.0625 6 2 1 1 0.5 1 0.5 0.31763018568955281 0.0028019735922508305
16 16 0.0625 7 3 1 1.5 0.5 -0.5 0.5 0.30552246530805327 0.0039763539748962559
16 16 0.0625 8 0 2 0 1 0 1 0.27628543514369291 0.0039402584100124453
16 16 0.0625 9 1 2 0.5 1 0.5 1 0.52290153430313757 0.0030087053954564714
16 16 0.0625 10 2 2 1 1 1 1 1.2815144414105848 0.0111576912632959
16 16 0.0625 11 3 2 1.5 1 -0.5 1 0.52290153430313735 0.0030087053954565069
16 16 0.0625 12 0 3 0 1.5 0 -0.5 0.30497582562501352 0.0029115703381334011
16 16 0.0625 13 1 3 0.5 1.5 0.5 -0.5 0.3055224653080531 0.0039763539748962828
16 16 0.0625 14 2 3 1 1.5 1 -0.5 0.31763018568955259 0.0028019735922508201
16 16 0.0625 15 3 3 1.5 1.5 -0.5 -0.5 0.31289867586888326 0.0031611625359642842
