# definition=Szz(q)=N^-1 sum_ij exp[-iq.(ri-rj)] <Szi Szj>
# spin_operator=Szi=(n_up-n_down)/2 factor3_applied=0
# lattice=square Lx=4 Ly=4 n=16 bc_x=antiperiodic bc_y=periodic t=-1 U=4 mu=2 dtau=0.10000000000000001
# szz_q=all seed=13367636489413835987 parallel=serial nrep=1 bins=20 nbeta=1
# beta_requested beta T q_index mx my qx_over_pi qy_over_pi qx_folded_over_pi qy_folded_over_pi Szz dSzz
16 16 0.0625 0 0 0 0 0 0 0 2.6572375611115962e-07 2.9888159593471314e-07
16 16 0.0625 1 1 0 0.5 0 0.5 0 0.076912224055760509 0.00043762993094677858
16 16 0.0625 2 2 0 1 0 1 0 0.17202409677913286 0.0010092231761190916
16 16 0.0625 3 3 0 1.5 0 -0.5 0 0.076912224055760495 0.0004376299309467757
16 16 0.0625 4 0 1 0 0.5 0 0.5 0.15344786260274773 0.0010850791318269034
16 16 0.0625 5 1 1 0.5 0.5 0.5 0.5 0.15449462444509784 0.00063925106449461318
16 16 0.0625 6 2 1 1 0.5 1 0.5 0.15910020238529754 0.00048887438381426415
16 16 0.0625 7 3 1 1.5 0.5 -0.5 0.5 0.15542659376904772 0.00082908913983763255
16 16 0.0625 8 0 2 0 1 0 1 0.13905238516048946 0.00072009329735501961
16 16 0.0625 9 1 2 0.5 1 0.5 1 0.25869821046055808 0.00138363972069197
16 16 0.0625 10 2 2 1 1 1 1 0.64788921843221403 0.0068017337734355256
16 16 0.0625 11 3 2 1.5 1 -0.5 1 0.25869821046055808 0.00138363972069197
16 16 0.0625 12 0 3 0 1.5 0 -0.5 0.15344786260274768 0.0010850791318269136
16 16 0.0625 13 1 3 0.5 1.5 0.5 -0.5 0.15542659376904769 0.00082908913983764806
16 16 0.0625 14 2 3 1 1.5 1 -0.5 0.15910020238529746 0.00048887438381427348
16 16 0.0625 15 3 3 1.5 1.5 -0.5 -0.5 0.1544946244450979 0.00063925106449461383
