# definition=Sperp(q)=N^-1 sum_ij exp[-iq.(ri-rj)] <Sxi Sxj + Syi Syj>
# ladder_definition=Sperp(q)=0.5*(S+-(q)+S-+(q)); Splus=Sx+iSy
# su2_relation=ensemble Sperp(q)=2*Szz(q) at any dtau for the current SU(2)-invariant model
# hs_caveat=individual spin-channel-HS samples select the z axis; equality is restored by ensemble averaging
# lattice=square Lx=4 Ly=4 n=16 bc_x=antiperiodic bc_y=periodic t=-1 U=4 mu=2 dtau=0.025000000000000001
# sperp_q=all seed=3487238369802422096 parallel=serial nrep=1 bins=20 nbeta=1
# beta_requested beta T q_index mx my qx_over_pi qy_over_pi qx_folded_over_pi qy_folded_over_pi Sperp dSperp
16 16 0.0625 0 0 0 0 0 0 0 0.0095301920204652647 0.0038436767451626498
16 16 0.0625 1 1 0 0.5 0 0.5 0 0.15129135257714646 0.002435886860609303
16 16 0.0625 2 2 0 1 0 1 0 0.34524164241596472 0.003161637147122602
16 16 0.0625 3 3 0 1.5 0 -0.5 0 0.1512913525771464 0.0024358868606092873
16 16 0.0625 4 0 1 0 0.5 0 0.5 0.30373887713617836 0.0035006284110855996
16 16 0.0625 5 1 1 0.5 0.5 0.5 0.5 0.30588419009339984 0.0038056408335921939
16 16 0.0625 6 2 1 1 0.5 1 0.5 0.31768800391577245 0.0038532559100239753
16 16 0.0625 7 3 1 1.5 0.5 -0.5 0.5 0.31246342347741551 0.0034696023400851979
16 16 0.0625 8 0 2 0 1 0 1 0.27789520371511472 0.0042097851231768174
16 16 0.0625 9 1 2 0.5 1 0.5 1 0.52035955984341442 0.0031934616145762856
16 16 0.0625 10 2 2 1 1 1 1 1.2452524528952602 0.010834576908793541
16 16 0.0625 11 3 2 1.5 1 -0.5 1 0.5203595598434142 0.0031934616145763207
16 16 0.0625 12 0 3 0 1.5 0 -0.5 0.30373887713617831 0.0035006284110855909
16 16 0.0625 13 1 3 0.5 1.5 0.5 -0.5 0.31246342347741535 0.0034696023400852204
16 16 0.0625 14 2 3 1 1.5 1 -0.5 0.31768800391577212 0.0038532559100239411
16 16 0.0625 15 3 3 1.5 1.5 -0.5 -0.5 0.30588419009340007 0.0038056408335922164
