# definition=Szz(q)=N^-1 sum_ij exp[-iq.(ri-rj)] <Szi Szj>
# spin_operator=Szi=(n_up-n_down)/2 factor3_applied=0
# lattice=square Lx=4 Ly=4 n=16 bc_x=antiperiodic bc_y=periodic t=-1 U=4 mu=2 dtau=0.025000000000000001
# szz_q=all seed=3487238369802422096 parallel=serial nrep=1 bins=20 nbeta=1
# beta_requested beta T q_index mx my qx_over_pi qy_over_pi qx_folded_over_pi qy_folded_over_pi Szz dSzz
16 16 0.0625 0 0 0 0 0 0 0 2.4418597916125685e-07 2.0928091899040066e-07
16 16 0.0625 1 1 0 0.5 0 0.5 0 0.0762949320672833 0.00043506413400232891
16 16 0.0625 2 2 0 1 0 1 0 0.17143961772994737 0.001205102377484652
16 16 0.0625 3 3 0 1.5 0 -0.5 0 0.076294932067283272 0.00043506413400232332
16 16 0.0625 4 0 1 0 0.5 0 0.5 0.15216149745615992 0.00077012708603364604
16 16 0.0625 5 1 1 0.5 0.5 0.5 0.5 0.15332997120520722 0.00097416353212981949
16 16 0.0625 6 2 1 1 0.5 1 0.5 0.15632719802397427 0.00067223367220925272
16 16 0.0625 7 3 1 1.5 0.5 -0.5 0.5 0.15454327969762807 0.00075288271646684133
16 16 0.0625 8 0 2 0 1 0 1 0.1386796153531836 0.00071513729685288984
16 16 0.0625 9 1 2 0.5 1 0.5 1 0.25691764558972519 0.0013974453529091893
16 16 0.0625 10 2 2 1 1 1 1 0.64111662721766349 0.0059323132560763353
16 16 0.0625 11 3 2 1.5 1 -0.5 1 0.25691764558972513 0.0013974453529092274
16 16 0.0625 12 0 3 0 1.5 0 -0.5 0.15216149745615989 0.00077012708603363704
16 16 0.0625 13 1 3 0.5 1.5 0.5 -0.5 0.15454327969762802 0.00075288271646684773
16 16 0.0625 14 2 3 1 1.5 1 -0.5 0.15632719802397413 0.0006722336722092627
16 16 0.0625 15 3 3 1.5 1.5 -0.5 -0.5 0.15332997120520728 0.00097416353212978978
