# definition=Sperp(q)=N^-1 sum_ij exp[-iq.(ri-rj)] <Sxi Sxj + Syi Syj>
# ladder_definition=Sperp(q)=0.5*(S+-(q)+S-+(q)); Splus=Sx+iSy
# su2_relation=ensemble Sperp(q)=2*Szz(q) at any dtau for the current SU(2)-invariant model
# hs_caveat=individual spin-channel-HS samples select the z axis; equality is restored by ensemble averaging
# lattice=square Lx=4 Ly=4 n=16 bc_x=antiperiodic bc_y=periodic t=-1 U=4 mu=2 dtau=0.050000000000000003
# sperp_q=all seed=16340242564217869159 parallel=serial nrep=1 bins=20 nbeta=1
# beta_requested beta T q_index mx my qx_over_pi qy_over_pi qx_folded_over_pi qy_folded_over_pi Sperp dSperp
8 8 0.125 0 0 0 0 0 0 0 -0.0017906479945804903 0.0070950638682888935
8 8 0.125 1 1 0 0.5 0 0.5 0 0.15509822638967419 0.0061370452727222934
8 8 0.125 2 2 0 1 0 1 0 0.33568744277119195 0.0058878589630407922
8 8 0.125 3 3 0 1.5 0 -0.5 0 0.15509822638967413 0.0061370452727223046
8 8 0.125 4 0 1 0 0.5 0 0.5 0.30786196647971698 0.0036856657493731372
8 8 0.125 5 1 1 0.5 0.5 0.5 0.5 0.30528692883760689 0.0042341046581734019
8 8 0.125 6 2 1 1 0.5 1 0.5 0.32109781206722465 0.003066244599286718
8 8 0.125 7 3 1 1.5 0.5 -0.5 0.5 0.30368178047830263 0.0039818266962639596
8 8 0.125 8 0 2 0 1 0 1 0.28352813334064797 0.0065437517163145966
8 8 0.125 9 1 2 0.5 1 0.5 1 0.51036516857005565 0.003440979942846522
8 8 0.125 10 2 2 1 1 1 1 1.2892056747064558 0.013562125727420056
8 8 0.125 11 3 2 1.5 1 -0.5 1 0.51036516857005521 0.0034409799428465485
8 8 0.125 12 0 3 0 1.5 0 -0.5 0.30786196647971698 0.0036856657493731372
8 8 0.125 13 1 3 0.5 1.5 0.5 -0.5 0.30368178047830263 0.0039818266962639483
8 8 0.125 14 2 3 1 1.5 1 -0.5 0.32109781206722443 0.0030662445992867371
8 8 0.125 15 3 3 1.5 1.5 -0.5 -0.5 0.30528692883760705 0.0042341046581733663
