# definition=Szz(q)=N^-1 sum_ij exp[-iq.(ri-rj)] <Szi Szj>
# spin_operator=Szi=(n_up-n_down)/2 factor3_applied=0
# lattice=square Lx=4 Ly=4 n=16 bc_x=antiperiodic bc_y=periodic t=-1 U=4 mu=2 dtau=0.050000000000000003
# szz_q=all seed=16340242564217869159 parallel=serial nrep=1 bins=20 nbeta=1
# beta_requested beta T q_index mx my qx_over_pi qy_over_pi qx_folded_over_pi qy_folded_over_pi Szz dSzz
8 8 0.125 0 0 0 0 0 0 0 0.0017494060128820082 0.0001472680112267441
8 8 0.125 1 1 0 0.5 0 0.5 0 0.077768875580827679 0.00039812892407483941
8 8 0.125 2 2 0 1 0 1 0 0.17200316527358134 0.00086094641908352908
8 8 0.125 3 3 0 1.5 0 -0.5 0 0.077768875580827623 0.0003981289240748405
8 8 0.125 4 0 1 0 0.5 0 0.5 0.15100442057934099 0.00069880951189239034
8 8 0.125 5 1 1 0.5 0.5 0.5 0.5 0.15358289442508372 0.00084074107472920958
8 8 0.125 6 2 1 1 0.5 1 0.5 0.15941507552861003 0.00080546051470413405
8 8 0.125 7 3 1 1.5 0.5 -0.5 0.5 0.15409681745221532 0.000645924252343474
8 8 0.125 8 0 2 0 1 0 1 0.13868193627616909 0.00054137035140492252
8 8 0.125 9 1 2 0.5 1 0.5 1 0.25634534014138799 0.001600421382685552
8 8 0.125 10 2 2 1 1 1 1 0.63984582925687483 0.0065385353727472192
8 8 0.125 11 3 2 1.5 1 -0.5 1 0.25634534014138793 0.0016004213826855587
8 8 0.125 12 0 3 0 1.5 0 -0.5 0.15100442057934099 0.00069880951189237679
8 8 0.125 13 1 3 0.5 1.5 0.5 -0.5 0.15409681745221529 0.00064592425234348137
8 8 0.125 14 2 3 1 1.5 1 -0.5 0.15941507552860984 0.00080546051470414338
8 8 0.125 15 3 3 1.5 1.5 -0.5 -0.5 0.1535828944250838 0.00084074107472921803
