# definition=Sperp(q)=N^-1 sum_ij exp[-iq.(ri-rj)] <Sxi Sxj + Syi Syj>
# ladder_definition=Sperp(q)=0.5*(S+-(q)+S-+(q)); Splus=Sx+iSy
# su2_relation=ensemble Sperp(q)=2*Szz(q) at any dtau for the current SU(2)-invariant model
# hs_caveat=individual spin-channel-HS samples select the z axis; equality is restored by ensemble averaging
# lattice=square Lx=4 Ly=4 n=16 pbc=1 t=-1 U=4 mu=2 dtau=0.10000000000000001
# sperp_q=all seed=11758692974626609750 parallel=serial nrep=1 bins=20 nbeta=1
# beta_requested beta T q_index mx my qx_over_pi qy_over_pi qx_folded_over_pi qy_folded_over_pi Sperp dSperp
16 16 0.0625 0 0 0 0 0 0 0 0.039870962026674908 0.016761300345744488
16 16 0.0625 1 1 0 0.5 0 0.5 0 0.21207059973795675 0.0046451364777983662
16 16 0.0625 2 2 0 1 0 1 0 0.32373482230505501 0.015734603591628024
16 16 0.0625 3 3 0 1.5 0 -0.5 0 0.21207059973795669 0.0046451364777983445
16 16 0.0625 4 0 1 0 0.5 0 0.5 0.20548341010510249 0.0060985746821716992
16 16 0.0625 5 1 1 0.5 0.5 0.5 0.5 0.31647939112636048 0.0077916933172492969
16 16 0.0625 6 2 1 1 0.5 1 0.5 0.4105299969243702 0.0064321222318895954
16 16 0.0625 7 3 1 1.5 0.5 -0.5 0.5 0.31781660020681285 0.0078490953392053205
16 16 0.0625 8 0 2 0 1 0 1 0.30540781322094945 0.012765199599110825
16 16 0.0625 9 1 2 0.5 1 0.5 1 0.42634571272250998 0.0072382176423187901
16 16 0.0625 10 2 2 1 1 1 1 1.742316880677522 0.026965349337637598
16 16 0.0625 11 3 2 1.5 1 -0.5 1 0.42634571272250971 0.0072382176423187719
16 16 0.0625 12 0 3 0 1.5 0 -0.5 0.20548341010510246 0.0060985746821717122
16 16 0.0625 13 1 3 0.5 1.5 0.5 -0.5 0.31781660020681279 0.0078490953392053118
16 16 0.0625 14 2 3 1 1.5 1 -0.5 0.41052999692436992 0.0064321222318895806
16 16 0.0625 15 3 3 1.5 1.5 -0.5 -0.5 0.3164793911263607 0.0077916933172492613
