# definition=Szz(q)=N^-1 sum_ij exp[-iq.(ri-rj)] <Szi Szj>
# spin_operator=Szi=(n_up-n_down)/2 factor3_applied=0
# lattice=square Lx=4 Ly=4 n=16 pbc=1 t=-1 U=4 mu=2 dtau=0.10000000000000001
# szz_q=all seed=11758692974626609750 parallel=serial nrep=1 bins=20 nbeta=1
# beta_requested beta T q_index mx my qx_over_pi qy_over_pi qx_folded_over_pi qy_folded_over_pi Szz dSzz
16 16 0.0625 0 0 0 0 0 0 0 0.013252884099401129 0.0031240775205050629
16 16 0.0625 1 1 0 0.5 0 0.5 0 0.10781254807056276 0.0013109014293927882
16 16 0.0625 2 2 0 1 0 1 0 0.15896053906514729 0.003114389448907252
16 16 0.0625 3 3 0 1.5 0 -0.5 0 0.10781254807056276 0.001310901429392785
16 16 0.0625 4 0 1 0 0.5 0 0.5 0.108123248477405 0.0012736241722394639
16 16 0.0625 5 1 1 0.5 0.5 0.5 0.5 0.15915665925223116 0.0028300931469360242
16 16 0.0625 6 2 1 1 0.5 1 0.5 0.20665100956874341 0.0023207453735661142
16 16 0.0625 7 3 1 1.5 0.5 -0.5 0.5 0.15865570644474283 0.0025414524952274324
16 16 0.0625 8 0 2 0 1 0 1 0.1587818772691508 0.002608572341982559
16 16 0.0625 9 1 2 0.5 1 0.5 1 0.20646995826291042 0.0022197947771047965
16 16 0.0625 10 2 2 1 1 1 1 0.86965738935132353 0.030671524606194624
16 16 0.0625 11 3 2 1.5 1 -0.5 1 0.20646995826291029 0.0022197947771047857
16 16 0.0625 12 0 3 0 1.5 0 -0.5 0.10812324847740495 0.0012736241722394505
16 16 0.0625 13 1 3 0.5 1.5 0.5 -0.5 0.15865570644474283 0.0025414524952274324
16 16 0.0625 14 2 3 1 1.5 1 -0.5 0.20665100956874319 0.0023207453735661272
16 16 0.0625 15 3 3 1.5 1.5 -0.5 -0.5 0.15915665925223135 0.0028300931469360043
