# definition=Sperp(q)=N^-1 sum_ij exp[-iq.(ri-rj)] <Sxi Sxj + Syi Syj>
# ladder_definition=Sperp(q)=0.5*(S+-(q)+S-+(q)); Splus=Sx+iSy
# su2_relation=ensemble Sperp(q)=2*Szz(q) at any dtau for the current SU(2)-invariant model
# hs_caveat=individual spin-channel-HS samples select the z axis; equality is restored by ensemble averaging
# lattice=square Lx=4 Ly=4 n=16 bc_x=antiperiodic bc_y=periodic t=-1 U=4 mu=2 dtau=0.025000000000000001
# sperp_q=all seed=13365266839724982825 parallel=serial nrep=1 bins=20 nbeta=1
# beta_requested beta T q_index mx my qx_over_pi qy_over_pi qx_folded_over_pi qy_folded_over_pi Sperp dSperp
16 16 0.0625 0 0 0 0 0 0 0 0.0051255593795886002 0.0044371794699367617
16 16 0.0625 1 1 0 0.5 0 0.5 0 0.15177806089243306 0.0032910911530871396
16 16 0.0625 2 2 0 1 0 1 0 0.34885833380745634 0.004108951215297761
16 16 0.0625 3 3 0 1.5 0 -0.5 0 0.15177806089243298 0.0032910911530871427
16 16 0.0625 4 0 1 0 0.5 0 0.5 0.31017513393136942 0.003844410798653579
16 16 0.0625 5 1 1 0.5 0.5 0.5 0.5 0.30522706629515622 0.0037807117510796889
16 16 0.0625 6 2 1 1 0.5 1 0.5 0.31301630329480051 0.0032427299341936939
16 16 0.0625 7 3 1 1.5 0.5 -0.5 0.5 0.30337309664268997 0.0036430799022460977
16 16 0.0625 8 0 2 0 1 0 1 0.27720589442253141 0.0042142986656992457
16 16 0.0625 9 1 2 0.5 1 0.5 1 0.51823249386942083 0.0044366389669808883
16 16 0.0625 10 2 2 1 1 1 1 1.2655532249947936 0.013368854103110339
16 16 0.0625 11 3 2 1.5 1 -0.5 1 0.51823249386942061 0.0044366389669808137
16 16 0.0625 12 0 3 0 1.5 0 -0.5 0.31017513393136936 0.003844410798653569
16 16 0.0625 13 1 3 0.5 1.5 0.5 -0.5 0.30337309664268985 0.0036430799022461073
16 16 0.0625 14 2 3 1 1.5 1 -0.5 0.31301630329480024 0.0032427299341937438
16 16 0.0625 15 3 3 1.5 1.5 -0.5 -0.5 0.30522706629515645 0.0037807117510796871
