# definition=Szz(q)=N^-1 sum_ij exp[-iq.(ri-rj)] <Szi Szj>
# spin_operator=Szi=(n_up-n_down)/2 factor3_applied=0
# lattice=square Lx=4 Ly=4 n=16 bc_x=antiperiodic bc_y=periodic t=-1 U=4 mu=2 dtau=0.025000000000000001
# szz_q=all seed=13365266839724982825 parallel=serial nrep=1 bins=20 nbeta=1
# beta_requested beta T q_index mx my qx_over_pi qy_over_pi qx_folded_over_pi qy_folded_over_pi Szz dSzz
16 16 0.0625 0 0 0 0 0 0 0 4.9599881239989005e-05 4.956767504070257e-05
16 16 0.0625 1 1 0 0.5 0 0.5 0 0.076550459546651989 0.00021887105578392271
16 16 0.0625 2 2 0 1 0 1 0 0.16940388868977563 0.00074669117008938513
16 16 0.0625 3 3 0 1.5 0 -0.5 0 0.076550459546651975 0.00021887105578391588
16 16 0.0625 4 0 1 0 0.5 0 0.5 0.15416265420232173 0.00075287733997709346
16 16 0.0625 5 1 1 0.5 0.5 0.5 0.5 0.15450638944738812 0.00072631899847735255
16 16 0.0625 6 2 1 1 0.5 1 0.5 0.15718721016425355 0.00094699203404614624
16 16 0.0625 7 3 1 1.5 0.5 -0.5 0.5 0.15231616437250833 0.00039925743086927177
16 16 0.0625 8 0 2 0 1 0 1 0.13929920067157706 0.00062258840454089295
16 16 0.0625 9 1 2 0.5 1 0.5 1 0.25894845424254254 0.0012871351336382281
16 16 0.0625 10 2 2 1 1 1 1 0.63407830803412946 0.0041896369826958874
16 16 0.0625 11 3 2 1.5 1 -0.5 1 0.25894845424254243 0.0012871351336382084
16 16 0.0625 12 0 3 0 1.5 0 -0.5 0.15416265420232173 0.00075287733997708804
16 16 0.0625 13 1 3 0.5 1.5 0.5 -0.5 0.15231616437250831 0.00039925743086926239
16 16 0.0625 14 2 3 1 1.5 1 -0.5 0.15718721016425338 0.00094699203404614797
16 16 0.0625 15 3 3 1.5 1.5 -0.5 -0.5 0.15450638944738823 0.00072631899847735927
