# definition=Sperp(q)=N^-1 sum_ij exp[-iq.(ri-rj)] <Sxi Sxj + Syi Syj>
# ladder_definition=Sperp(q)=0.5*(S+-(q)+S-+(q)); Splus=Sx+iSy
# su2_relation=ensemble Sperp(q)=2*Szz(q) at any dtau for the current SU(2)-invariant model
# hs_caveat=individual spin-channel-HS samples select the z axis; equality is restored by ensemble averaging
# lattice=square Lx=4 Ly=4 n=16 pbc=1 t=-1 U=4 mu=2 dtau=0.050000000000000003
# sperp_q=all seed=2135175930950696589 parallel=serial nrep=1 bins=20 nbeta=1
# beta_requested beta T q_index mx my qx_over_pi qy_over_pi qx_folded_over_pi qy_folded_over_pi Sperp dSperp
4 4 0.25 0 0 0 0 0 0 0 0.10046504396072886 0.01663009575347546
4 4 0.25 1 1 0 0.5 0 0.5 0 0.21404596317382837 0.010127273977509574
4 4 0.25 2 2 0 1 0 1 0 0.33786937681067003 0.0082829635913205611
4 4 0.25 3 3 0 1.5 0 -0.5 0 0.21404596317382837 0.010127273977509574
4 4 0.25 4 0 1 0 0.5 0 0.5 0.22476251998625102 0.0033964298803579882
4 4 0.25 5 1 1 0.5 0.5 0.5 0.5 0.3342736031080199 0.0045053590783810269
4 4 0.25 6 2 1 1 0.5 1 0.5 0.41649258206675255 0.0046665410172873328
4 4 0.25 7 3 1 1.5 0.5 -0.5 0.5 0.34601453266927817 0.0037657646352177551
4 4 0.25 8 0 2 0 1 0 1 0.33989575109745962 0.011531538355699623
4 4 0.25 9 1 2 0.5 1 0.5 1 0.42883729649855795 0.010480840498288303
4 4 0.25 10 2 2 1 1 1 1 1.2936673480239542 0.026297118278177611
4 4 0.25 11 3 2 1.5 1 -0.5 1 0.42883729649855767 0.01048084049828826
4 4 0.25 12 0 3 0 1.5 0 -0.5 0.22476251998625099 0.0033964298803579969
4 4 0.25 13 1 3 0.5 1.5 0.5 -0.5 0.34601453266927817 0.0037657646352177551
4 4 0.25 14 2 3 1 1.5 1 -0.5 0.41649258206675216 0.0046665410172872894
4 4 0.25 15 3 3 1.5 1.5 -0.5 -0.5 0.33427360310802012 0.0045053590783810261
