# definition=Szz(q)=N^-1 sum_ij exp[-iq.(ri-rj)] <Szi Szj>
# spin_operator=Szi=(n_up-n_down)/2 factor3_applied=0
# lattice=square Lx=4 Ly=4 n=16 pbc=1 t=-1 U=4 mu=2 dtau=0.050000000000000003
# szz_q=all seed=2135175930950696589 parallel=serial nrep=1 bins=20 nbeta=1
# beta_requested beta T q_index mx my qx_over_pi qy_over_pi qx_folded_over_pi qy_folded_over_pi Szz dSzz
4 4 0.25 0 0 0 0 0 0 0 0.061781440270871256 0.0010427391304236755
4 4 0.25 1 1 0 0.5 0 0.5 0 0.11194765948621883 0.00051545484043355222
4 4 0.25 2 2 0 1 0 1 0 0.16807605681721949 0.0012299942407432232
4 4 0.25 3 3 0 1.5 0 -0.5 0 0.11194765948621881 0.00051545484043355775
4 4 0.25 4 0 1 0 0.5 0 0.5 0.11210821490152204 0.00050689811412499687
4 4 0.25 5 1 1 0.5 0.5 0.5 0.5 0.16819497601438718 0.00099704267160374274
4 4 0.25 6 2 1 1 0.5 1 0.5 0.20918082717633441 0.0015380515038695176
4 4 0.25 7 3 1 1.5 0.5 -0.5 0.5 0.16729931080131488 0.00077217014763738395
4 4 0.25 8 0 2 0 1 0 1 0.16731991206378388 0.00098048652918807143
4 4 0.25 9 1 2 0.5 1 0.5 1 0.20817268534850877 0.00088320227069176851
4 4 0.25 10 2 2 1 1 1 1 0.64939050084064709 0.0066706741252591613
4 4 0.25 11 3 2 1.5 1 -0.5 1 0.20817268534850863 0.00088320227069176363
4 4 0.25 12 0 3 0 1.5 0 -0.5 0.11210821490152204 0.0005068981141249908
4 4 0.25 13 1 3 0.5 1.5 0.5 -0.5 0.16729931080131488 0.00077217014763738395
4 4 0.25 14 2 3 1 1.5 1 -0.5 0.20918082717633432 0.0015380515038695207
4 4 0.25 15 3 3 1.5 1.5 -0.5 -0.5 0.16819497601438721 0.00099704267160374838
